Player	Yr		Team 	G 	AB 	R 	H 	2B 	3B 	HR 	GS 	RBI 	BB 	IBB 	SO 	SH 	SF 	HBP 	GIDP AVG 	OBP  	SLG
Bonds	1986 	Pirates 	113 	413 	72 	92 	26 	3 	16 	0 	48 	65 	2 	102 	2 	2 	2 	4 	.223 	.330 	.416
Bonds	1987 	Pirates 	150 	551 	99 	144 	34 	9 	25 	0 	59 	54 	3 	88 	0 	3 	3 	4 	.261 	.329 	.492
Bonds	1988 	Pirates 	144 	538 	97 	152 	30 	5 	24 	0 	58 	72 	14 	82 	0 	2 	2 	3 	.283 	.368 	.491
Bonds	1989 	Pirates 	159 	580 	96 	144 	34 	6 	19 	0 	58 	93 	22 	93 	1 	4 	1 	9 	.248 	.351 	.426
Bonds	1990 	Pirates 	151 	519 	104 	156 	32 	3 	33 	1 	114 	93 	15 	83 	0 	6 	3 	8 	.301 	.406 	.565
Bonds	1991 	Pirates 	153 	510 	95 	149 	28 	5 	25 	0 	116 	107 	25 	73 	0 	13 	4 	8 	.292 	.410 	.514
Bonds	1992 	Pirates 	140 	473 	109 	147 	36 	5 	34 	1 	103 	127 	32 	69 	0 	7 	5 	9 	.311 	.456 	.624
Bonds	1993 	Giants 	159 	539 	129 	181 	38 	4 	46 	1 	123 	126 	43 	79 	0 	7 	2 	11 	.336 	.458 	.677
Bonds	1994 	Giants 	112 	391 	89 	122 	18 	1 	37 	1 	81 	74 	18 	43 	0 	3 	6 	3 	.312 	.426 	.647
Bonds	1995 	Giants 	144 	506 	109 	149 	30 	7 	33 	0 	104 	120 	22 	83 	0 	4 	5 	12 	.294 	.431 	.577
Bonds	1996 	Giants 	158 	517 	122 	159 	27 	3 	42 	2 	129 	151 	30 	76 	0 	6 	1 	11 	.308 	.461 	.615
Bonds	1997 	Giants 	159 	532 	123 	155 	26 	5 	40 	1 	101 	145 	34 	87 	0 	5 	8 	13 	.291 	.446 	.585
Bonds	1998 	Giants 	156 	552 	120 	167 	44 	7 	37 	1 	122 	130 	29 	92 	1 	6 	8 	15 	.303 	.438 	.609
Bonds	1999 	Giants 	102 	355 	91 	93 	20 	2 	34 	0 	83 	73 	9 	62 	0 	3 	3 	6 	.262 	.389 	.617
Bonds	2000 	Giants 	143 	480 	129 	147 	28 	4 	49 	0 	106 	117 	22 	77 	0 	7 	3 	6 	.306 	.440 	.688
Bonds	2001 	Giants 	153 	476 	129 	156 	32 	2 	73 	2 	137 	177 	35 	93 	0 	2 	9 	5 	.328 	.515 	.863
Bonds	2002 	Giants 	143 	403 	117 	149 	31 	2 	46 	1 	110 	198 	68 	47 	0 	2 	9 	4 	.370 	.582 	.799
Bonds	2003 	Giants 	130 	390 	111 	133 	22 	1 	45 	0 	90 	148 	61 	58 	0 	2 	10 	7 	.341 	.529 	.749
Bonds	2004 	Giants 	147 	373 	129 	135 	27 	3 	45 	0 	101 	232 	120 	41 	0 	3 	9 	5 	.362 	.609 	.812
Bonds	2005 	Giants 	14 	42 	8 	12 	1 	0 	5 	0 	10 	9 	3 	6 	0 	1 	0 	0 	.286 	.404 	.667
Aaron	1954 	Braves 	122 	468 	58 	131 	27 	6 	13 	0 	69 	28 	NA 	39 	6 	4 	3 	13 	.280 	.322 	.447
Aaron	1955 	Braves 	153 	602 	105 	189 	37 	9 	27 	0 	106 	49 	5 	61 	7 	4 	3 	20 	.314 	.366 	.540
Aaron	1956 	Braves 	153 	609 	106 	200 	34 	14 	26 	0 	92 	37 	6 	54 	5 	7 	2 	21 	.328 	.365 	.558
Aaron	1957 	Braves 	151 	615 	118 	198 	27 	6 	44 	1 	132 	57 	15 	58 	0 	3 	0 	13 	.322 	.378 	.600
Aaron	1958 	Braves 	153 	601 	109 	196 	34 	4 	30 	2 	95 	59 	16 	49 	0 	3 	1 	21 	.326 	.386 	.546
Aaron	1959 	Braves 	154 	629 	116 	223 	46 	7 	39 	0 	123 	51 	17 	54 	0 	9 	4 	19 	.355 	.401 	.636
Aaron	1960 	Braves 	153 	590 	102 	172 	20 	11 	40 	0 	126 	60 	13 	63 	0 	12 	2 	8 	.292 	.352 	.566
Aaron	1961 	Braves 	155 	603 	115 	197 	39 	10 	34 	1 	120 	56 	20 	64 	1 	9 	2 	16 	.327 	.381 	.594
Aaron	1962 	Braves 	156 	592 	127 	191 	28 	6 	45 	3 	128 	66 	14 	73 	0 	6 	3 	14 	.323 	.390 	.618
Aaron	1963 	Braves 	161 	631 	121 	201 	29 	4 	44 	2 	130 	78 	18 	94 	0 	5 	0 	11 	.319 	.391 	.586
Aaron	1964 	Braves 	145 	570 	103 	187 	30 	2 	24 	0 	95 	62 	9 	46 	0 	2 	0 	22 	.328 	.393 	.514
Aaron	1965 	Braves 	150 	570 	109 	181 	40 	1 	32 	0 	89 	60 	10 	81 	0 	8 	1 	15 	.318 	.379 	.560
Aaron	1966 	Braves 	158 	603 	117 	168 	23 	1 	44 	1 	127 	76 	15 	96 	0 	8 	1 	14 	.279 	.356 	.539
Aaron	1967 	Braves 	155 	600 	113 	184 	37 	3 	39 	1 	109 	63 	19 	97 	0 	6 	0 	11 	.307 	.369 	.573
Aaron	1968 	Braves 	160 	606 	84 	174 	33 	4 	29 	0 	86 	64 	23 	62 	0 	5 	1 	21 	.287 	.354 	.498
Aaron	1969 	Braves 	147 	547 	100 	164 	30 	3 	44 	1 	97 	87 	19 	47 	0 	3 	2 	14 	.300 	.396 	.607
Aaron	1970 	Braves 	150 	516 	103 	154 	26 	1 	38 	1 	118 	74 	15 	63 	0 	6 	2 	13 	.298 	.385 	.574
Aaron	1971 	Braves 	139 	495 	95 	162 	22 	3 	47 	0 	118 	71 	21 	58 	0 	5 	2 	9 	.327 	.410 	.669
Aaron	1972 	Braves 	129 	449 	75 	119 	10 	0 	34 	1 	77 	92 	15 	55 	0 	2 	1 	17 	.265 	.390 	.514
Aaron	1973 	Braves 	120 	392 	84 	118 	12 	1 	40 	0 	96 	68 	13 	51 	0 	4 	1 	7 	.301 	.402 	.643
Aaron	1974 	Braves 	112 	340 	47 	91 	16 	0 	20 	2 	69 	39 	6 	29 	1 	2 	0 	6 	.268 	.341 	.491
Aaron	1975 	Brewers 	137 	465 	45 	109 	16 	2 	12 	0 	60 	70 	3 	51 	1 	6 	1 	15 	.234 	.332 	.355
Aaron	1976 	Brewers 	85 	271 	22 	62 	8 	0 	10 	0 	35 	35 	1 	38 	0 	2 	0 	8 	.229 	.315 	.369
Ruth	1914 	RedSox 	5 	10 	1 	2 	1 	0 	0 	0 	2 	0 	NA 	4 	0 	NA 	0 	NA 	.200 	.200 	.300
Ruth	1915 	RedSox 	42 	92 	16 	29 	10 	1 	4 	0 	21 	9 	NA 	23 	2 	NA 	0 	NA 	.315 	.376 	.576
Ruth	1916 	RedSox 	67 	136 	18 	37 	5 	3 	3 	0 	15 	10 	NA 	23 	4 	NA 	0 	NA 	.272 	.322 	.419
Ruth	1917 	RedSox 	52 	123 	14 	40 	6 	3 	2 	0 	12 	12 	NA 	18 	7 	NA 	0 	NA 	.325 	.385 	.472
Ruth	1918 	RedSox 	95 	317 	50 	95 	26 	11 	11 	0 	66 	58 	NA 	58 	3 	NA 	2 	NA 	.300 	.411 	.555
Ruth	1919 	RedSox 	130 	432 	103 	139 	34 	12 	29 	4 	114 	101 	NA 	58 	3 	NA 	6 	NA 	.322 	.456 	.657
Ruth	1920 	Yankees 	142 	458 	158 	172 	36 	9 	54 	0 	137 	150 	NA 	80 	5 	NA 	3 	NA 	.376 	.532 	.847
Ruth	1921 	Yankees 	152 	540 	177 	204 	44 	16 	59 	0 	171 	145 	NA 	81 	4 	NA 	4 	NA 	.378 	.512 	.846
Ruth	1922 	Yankees 	110 	406 	94 	128 	24 	8 	35 	1 	99 	84 	NA 	80 	4 	NA 	1 	NA 	.315 	.434 	.672
Ruth	1923 	Yankees 	152 	522 	151 	205 	45 	13 	41 	0 	131 	170 	NA 	93 	3 	NA 	4 	NA 	.393 	.545 	.764
Ruth	1924 	Yankees 	153 	529 	143 	200 	39 	7 	46 	0 	121 	142 	NA 	81 	6 	NA 	4 	NA 	.378 	.513 	.739
Ruth	1925 	Yankees 	98 	359 	61 	104 	12 	2 	25 	1 	66 	59 	NA 	68 	6 	NA 	2 	NA 	.290 	.393 	.543
Ruth	1926 	Yankees 	152 	495 	139 	184 	30 	5 	47 	1 	146 	144 	NA 	76 	10 	NA 	3 	NA 	.372 	.516 	.737
Ruth	1927 	Yankees 	151 	540 	158 	192 	29 	8 	60 	2 	164 	137 	NA 	89 	14 	NA 	0 	NA 	.356 	.486 	.772
Ruth	1928 	Yankees 	154 	536 	163 	173 	29 	8 	54 	0 	142 	137 	NA 	87 	8 	NA 	3 	NA 	.323 	.463 	.709
Ruth	1929 	Yankees 	135 	499 	121 	172 	26 	6 	46 	3 	154 	72 	NA 	60 	13 	NA 	3 	NA 	.345 	.430 	.697
Ruth	1930 	Yankees 	145 	518 	150 	186 	28 	9 	49 	1 	153 	136 	NA 	61 	21 	NA 	1 	NA 	.359 	.493 	.732
Ruth	1931 	Yankees 	145 	534 	149 	199 	31 	3 	46 	1 	163 	128 	NA 	51 	0 	NA 	1 	NA 	.373 	.495 	.700
Ruth	1932 	Yankees 	133 	457 	120 	156 	13 	5 	41 	1 	137 	130 	NA 	62 	0 	NA 	2 	NA 	.341 	.489 	.661
Ruth	1933 	Yankees 	137 	459 	97 	138 	21 	3 	34 	0 	103 	114 	NA 	90 	0 	NA 	2 	NA 	.301 	.442 	.582
Ruth	1934 	Yankees 	125 	365 	78 	105 	17 	4 	22 	1 	84 	104 	NA 	63 	0 	NA 	2 	NA 	.288 	.448 	.537
Ruth	1935 	Braves 	28 	72 	13 	13 	0 	0 	6 	0 	12 	20 	NA 	24 	0 	NA 	0 	2 	.181 	.359 	.431
Mays	1951 	Giants 	121 	464 	59 	127 	22 	5 	20 	0 	68 	57 	NA 	60 	1 	NA 	2 	11 	.274 	.356 	.472
Mays	1952 	Giants 	34 	127 	17 	30 	2 	4 	4 	0 	23 	16 	NA 	17 	0 	NA 	1 	2 	.236 	.326 	.409
Mays	1954 	Giants 	151 	565 	119 	195 	33 	13 	41 	0 	110 	66 	NA 	57 	0 	7 	2 	12 	.345 	.411 	.667
Mays	1955 	Giants 	152 	580 	123 	185 	18 	13 	51 	1 	127 	79 	13 	60 	0 	7 	4 	12 	.319 	.400 	.659
Mays	1956 	Giants 	152 	578 	101 	171 	27 	8 	36 	0 	84 	68 	20 	65 	0 	3 	1 	16 	.296 	.369 	.557
Mays	1957 	Giants 	152 	585 	112 	195 	26 	20 	35 	0 	97 	76 	15 	62 	0 	6 	1 	14 	.333 	.407 	.626
Mays	1958 	Giants 	152 	600 	121 	208 	33 	11 	29 	1 	96 	78 	12 	56 	0 	6 	1 	11 	.347 	.419 	.583
Mays	1959 	Giants 	151 	575 	125 	180 	43 	5 	34 	0 	104 	65 	9 	58 	0 	6 	2 	11 	.313 	.381 	.583
Mays	1960 	Giants 	153 	595 	107 	190 	29 	12 	29 	1 	103 	61 	11 	70 	0 	9 	4 	15 	.319 	.381 	.555
Mays	1961 	Giants 	154 	572 	129 	176 	32 	3 	40 	2 	123 	81 	15 	77 	0 	4 	2 	14 	.308 	.393 	.584
Mays	1962 	Giants 	162 	621 	130 	189 	36 	5 	49 	1 	141 	78 	11 	85 	0 	3 	4 	19 	.304 	.384 	.615
Mays	1963 	Giants 	157 	596 	115 	187 	32 	7 	38 	0 	103 	66 	5 	83 	0 	7 	2 	15 	.314 	.380 	.582
Mays	1964 	Giants 	157 	578 	121 	171 	21 	9 	47 	0 	111 	82 	13 	72 	1 	3 	1 	11 	.296 	.383 	.607
Mays	1965 	Giants 	157 	558 	118 	177 	21 	3 	52 	0 	112 	76 	16 	71 	2 	2 	0 	11 	.317 	.398 	.645
Mays	1966 	Giants 	152 	552 	99 	159 	29 	4 	37 	0 	103 	70 	11 	81 	1 	4 	2 	13 	.288 	.368 	.556
Mays	1967 	Giants 	141 	486 	83 	128 	22 	2 	22 	1 	70 	51 	7 	92 	2 	3 	2 	12 	.263 	.334 	.453
Mays	1968 	Giants 	148 	498 	84 	144 	20 	5 	23 	0 	79 	67 	7 	81 	0 	6 	2 	13 	.289 	.372 	.488
Mays	1969 	Giants 	117 	403 	64 	114 	17 	3 	13 	0 	58 	49 	7 	71 	0 	4 	3 	8 	.283 	.362 	.437
Mays	1970 	Giants 	139 	478 	94 	139 	15 	2 	28 	0 	83 	79 	3 	90 	0 	6 	3 	7 	.291 	.390 	.506
Mays	1971 	Giants 	136 	417 	82 	113 	24 	5 	18 	1 	61 	112 	11 	123 	1 	4 	3 	8 	.271 	.425 	.482
Mays	1972 	Giants 	19 	49 	8 	9 	2 	0 	0 	0 	3 	17 	1 	5 	1 	0 	0 	4 	.184 	.394 	.224
Mays	1972 	Mets 	69 	195 	27 	52 	9 	1 	8 	0 	19 	43 	5 	43 	3 	0 	1 	5 	.267 	.402 	.446
Mays	1973 	Mets 	66 	209 	24 	44 	10 	0 	6 	0 	25 	27 	0 	47 	1 	1 	1 	7 	.211 	.303 	.344
Sosa	1989 	Rangers 	25 	84 	8 	20 	3 	0 	1 	0 	3 	0 	0 	20 	4 	0 	0 	3 	.238 	.238 	.310
Sosa	1989 	CWS 	33 	99 	19 	27 	5 	0 	3 	0 	10 	11 	2 	27 	1 	2 	2 	3 	.273 	.351 	.414
Sosa	1990 	CWS 	153 	532 	72 	124 	26 	10 	15 	0 	70 	33 	4 	150 	2 	6 	6 	10 	.233 	.282 	.404
Sosa	1991 	CWS 	116 	316 	39 	64 	10 	1 	10 	0 	33 	14 	2 	98 	5 	1 	2 	5 	.203 	.240 	.335
Sosa	1992 	Cubs 	67 	262 	41 	68 	7 	2 	8 	0 	25 	19 	1 	63 	4 	2 	4 	4 	.260 	.317 	.393
Sosa	1993 	Cubs 	159 	598 	92 	156 	25 	5 	33 	0 	93 	38 	6 	135 	0 	1 	4 	14 	.261 	.309 	.485
Sosa	1994 	Cubs 	105 	426 	59 	128 	17 	6 	25 	0 	70 	25 	1 	92 	1 	4 	2 	7 	.300 	.339 	.545
Sosa	1995 	Cubs 	144 	564 	89 	151 	17 	3 	36 	0 	119 	58 	11 	134 	0 	2 	5 	8 	.268 	.340 	.500
Sosa	1996 	Cubs 	124 	498 	84 	136 	21 	2 	40 	0 	100 	34 	6 	134 	0 	4 	5 	14 	.273 	.323 	.564
Sosa	1997 	Cubs 	162 	642 	90 	161 	31 	4 	36 	0 	119 	45 	9 	174 	0 	5 	2 	16 	.251 	.300 	.480
Sosa	1998 	Cubs 	159 	643 	134 	198 	20 	0 	66 	3 	158 	73 	14 	171 	0 	5 	1 	20 	.308 	.377 	.647
Sosa	1999 	Cubs 	162 	625 	114 	180 	24 	2 	63 	0 	141 	78 	8 	171 	0 	6 	3 	17 	.288 	.367 	.635
Sosa	2000 	Cubs 	156 	604 	106 	193 	38 	1 	50 	1 	138 	91 	19 	168 	0 	8 	2 	12 	.320 	.406 	.634
Sosa	2001 	Cubs 	160 	577 	146 	189 	34 	5 	64 	2 	160 	116 	37 	153 	0 	12 	6 	6 	.328 	.437 	.737
Sosa	2002 	Cubs 	150 	556 	122 	160 	19 	2 	49 	1 	108 	103 	15 	144 	0 	4 	3 	14 	.288 	.399 	.594
Sosa	2003 	Cubs 	137 	517 	99 	144 	22 	0 	40 	0 	103 	62 	9 	143 	0 	5 	5 	14 	.279 	.358 	.553
Sosa	2004 	Cubs 	126 	478 	69 	121 	21 	0 	35 	1 	80 	56 	4 	133 	0 	3 	2 	9 	.253 	.332 	.517
Sosa	2005 	Orioles 	102 	380 	39 	84 	15 	1 	14 	0 	45 	39 	3 	84 	0 	3 	2 	15 	.221 	.295 	.376
Robinson	1956 	Redlegs 	152 	572 	122 	166 	27 	6 	38 	0 	83 	64 	7 	95 	8 	4 	20 	14 	.290 	.379 	.558
Robinson	1957 	Redlegs 	150 	611 	97 	197 	29 	5 	29 	0 	75 	44 	5 	92 	5 	5 	12 	13 	.322 	.376 	.529
Robinson	1958 	Redlegs 	148 	554 	90 	149 	25 	6 	31 	0 	83 	62 	5 	80 	0 	0 	7 	13 	.269 	.350 	.504
Robinson	1959 	Reds 	146 	540 	106 	168 	31 	4 	36 	1 	125 	69 	9 	93 	0 	9 	8 	16 	.311 	.391 	.583
Robinson	1960 	Reds 	139 	464 	86 	138 	33 	6 	31 	0 	83 	82 	6 	67 	0 	7 	9 	18 	.297 	.407 	.595
Robinson	1961 	Reds 	153 	545 	117 	176 	32 	7 	37 	0 	124 	71 	23 	64 	0 	10 	10 	15 	.323 	.404 	.611
Robinson	1962 	Reds 	162 	609 	134 	208 	51 	2 	39 	3 	136 	76 	16 	62 	0 	5 	11 	13 	.342 	.421 	.624
Robinson	1963 	Reds 	140 	482 	79 	125 	19 	3 	21 	1 	91 	81 	20 	69 	0 	3 	14 	7 	.259 	.379 	.442
Robinson	1964 	Reds 	156 	568 	103 	174 	38 	6 	29 	0 	96 	79 	20 	67 	0 	6 	9 	13 	.306 	.396 	.548
Robinson	1965 	Reds 	156 	582 	109 	172 	33 	5 	33 	1 	113 	70 	18 	100 	0 	4 	18 	14 	.296 	.386 	.540
Robinson	1966 	Orioles 	155 	576 	122 	182 	34 	2 	49 	0 	122 	87 	11 	90 	0 	7 	10 	24 	.316 	.410 	.637
Robinson	1967 	Orioles 	129 	479 	83 	149 	23 	7 	30 	0 	94 	71 	14 	84 	0 	6 	7 	10 	.311 	.403 	.576
Robinson	1968 	Orioles 	130 	421 	69 	113 	27 	1 	15 	0 	52 	73 	4 	84 	0 	2 	12 	15 	.268 	.390 	.444
Robinson	1969 	Orioles 	148 	539 	111 	166 	19 	5 	32 	0 	100 	88 	11 	62 	0 	3 	13 	12 	.308 	.415 	.540
Robinson	1970 	Orioles 	132 	471 	88 	144 	24 	1 	25 	2 	78 	69 	9 	70 	0 	6 	7 	13 	.306 	.398 	.520
Robinson	1971 	Orioles 	133 	455 	82 	128 	16 	2 	28 	0 	99 	72 	11 	62 	1 	8 	9 	21 	.281 	.384 	.510
Robinson	1972 	Dodgers 	103 	342 	41 	86 	6 	1 	19 	0 	59 	55 	0 	76 	0 	6 	2 	9 	.251 	.353 	.442
Robinson	1973 	Angels 	147 	534 	85 	142 	29 	0 	30 	0 	97 	82 	12 	93 	1 	3 	10 	13 	.266 	.372 	.489
Robinson	1974 	Angels 	129 	427 	75 	107 	26 	2 	20 	0 	63 	75 	14 	85 	1 	5 	10 	10 	.251 	.371 	.461
Robinson	1974 	Indians 	15 	50 	6 	10 	1 	1 	2 	0 	5 	10 	0 	10 	0 	1 	0 	1 	.200 	.328 	.380
Robinson	1975 	Indians 	49 	118 	19 	28 	5 	0 	9 	0 	24 	29 	3 	15 	1 	1 	0 	2 	.237 	.385 	.508
Robinson	1976 	Indians 	36 	67 	5 	15 	0 	0 	3 	0 	10 	11 	0 	12 	0 	1 	0 	3 	.224 	.329 	.358
McGwire	1986 	Athletics 	18 	53 	10 	10 	1 	0 	3 	0 	9 	4 	0 	18 	0 	0 	1 	0 	.189 	.259 	.377
McGwire	1987 	Athletics 	151 	557 	97 	161 	28 	4 	49 	0 	118 	71 	8 	131 	0 	8 	5 	6 	.289 	.370 	.618
McGwire	1988 	Athletics 	155 	550 	87 	143 	22 	1 	32 	1 	99 	76 	4 	117 	1 	4 	4 	15 	.260 	.352 	.478
McGwire	1989 	Athletics 	143 	490 	74 	113 	17 	0 	33 	2 	95 	83 	5 	94 	0 	11 	3 	23 	.231 	.339 	.467
McGwire	1990 	Athletics 	156 	523 	87 	123 	16 	0 	39 	1 	108 	110 	9 	116 	1 	9 	7 	13 	.235 	.370 	.489
McGwire	1991 	Athletics 	154 	483 	62 	97 	22 	0 	22 	0 	75 	93 	3 	116 	1 	5 	3 	13 	.201 	.330 	.383
McGwire	1992 	Athletics 	139 	467 	87 	125 	22 	0 	42 	1 	104 	90 	12 	105 	0 	9 	5 	10 	.268 	.385 	.585
McGwire	1993 	Athletics 	27 	84 	16 	28 	6 	0 	9 	0 	24 	21 	5 	19 	0 	1 	1 	0 	.333 	.467 	.726
McGwire	1994 	Athletics 	47 	135 	26 	34 	3 	0 	9 	0 	25 	37 	3 	40 	0 	0 	0 	3 	.252 	.413 	.474
McGwire	1995 	Athletics 	104 	317 	75 	87 	13 	0 	39 	1 	90 	88 	5 	77 	0 	6 	11 	9 	.274 	.441 	.685
McGwire	1996 	Athletics 	130 	423 	104 	132 	21 	0 	52 	2 	113 	116 	16 	112 	0 	1 	8 	14 	.312 	.467 	.730
McGwire	1997 	Athletics 	105 	366 	48 	104 	24 	0 	34 	1 	81 	58 	8 	98 	0 	5 	4 	9 	.284 	.383 	.628
McGwire	1997 	Cardinals 51 	174 	38 	44 	3 	0 	24 	0 	42 	43 	8 	61 	0 	2 	5 	0 	.253 	.411 	.684
McGwire	1998 	Cardinals 155 	509 	130 	152 	21 	0 	70 	2 	147 	162 	28 	155 	0 	4 	6 	8 	.299 	.470 	.752
McGwire	1999 	Cardinals 153 	521 	118 	145 	21 	1 	65 	2 	147 	133 	21 	141 	0 	5 	2 	12 	.278 	.424 	.697
McGwire	2000 	Cardinals 89 	236 	60 	72 	8 	0 	32 	0 	73 	76 	12 	78 	0 	2 	7 	5 	.305 	.483 	.746
McGwire	2001 	Cardinals 97 	299 	48 	56 	4 	0 	29 	1 	64 	56 	3 	118 	0 	6 	3 	7 	.187 	.316 	.492
Killebrew	1954 	Senators 	9 	13 	1 	4 	1 	0 	0 	0 	3 	2 	NA 	3 	0 	0 	0 	1 	.308 	.400 	.385
Killebrew	1955 	Senators 	38 	80 	12 	16 	1 	0 	4 	0 	7 	9 	0 	31 	0 	0 	0 	3 	.200 	.281 	.363
Killebrew	1956 	Senators 	44 	99 	10 	22 	2 	0 	5 	1 	13 	10 	0 	39 	0 	1 	0 	2 	.222 	.291 	.394
Killebrew	1957 	Senators 	9 	31 	4 	9 	2 	0 	2 	0 	5 	2 	0 	8 	0 	0 	0 	0 	.290 	.333 	.548
Killebrew	1958 	Senators 	13 	31 	2 	6 	0 	0 	0 	0 	2 	0 	0 	12 	0 	1 	1 	0 	.194 	.212 	.194
Killebrew	1959 	Senators 	153 	546 	98 	132 	20 	2 	42 	0 	105 	90 	1 	116 	0 	4 	7 	12 	.242 	.354 	.516
Killebrew	1960 	Senators 	124 	442 	84 	122 	19 	1 	31 	0 	80 	71 	3 	106 	0 	3 	1 	10 	.276 	.375 	.534
Killebrew	1961 	Twins 	150 	541 	94 	156 	20 	7 	46 	1 	122 	107 	6 	109 	0 	5 	3 	11 	.288 	.405 	.606
Killebrew	1962 	Twins 	155 	552 	85 	134 	21 	1 	48 	1 	126 	106 	6 	142 	0 	4 	4 	14 	.243 	.366 	.545
Killebrew	1963 	Twins 	142 	515 	88 	133 	18 	0 	45 	2 	96 	72 	4 	105 	0 	6 	3 	16 	.258 	.349 	.555
Killebrew	1964 	Twins 	158 	577 	95 	156 	11 	1 	49 	1 	111 	93 	5 	135 	0 	4 	8 	15 	.270 	.377 	.548
Killebrew	1965 	Twins 	113 	401 	78 	108 	16 	1 	25 	0 	75 	72 	12 	69 	0 	2 	4 	10 	.269 	.384 	.501
Killebrew	1966 	Twins 	162 	569 	89 	160 	27 	1 	39 	1 	110 	103 	18 	98 	0 	3 	2 	12 	.281 	.391 	.538
Killebrew	1967 	Twins 	163 	547 	105 	147 	24 	1 	44 	0 	113 	131 	15 	111 	0 	8 	3 	16 	.269 	.408 	.558
Killebrew	1968 	Twins 	100 	295 	40 	62 	7 	2 	17 	0 	40 	70 	9 	70 	0 	4 	2 	13 	.210 	.361 	.420
Killebrew	1969 	Twins 	162 	555 	106 	153 	20 	2 	49 	2 	140 	145 	20 	84 	0 	4 	5 	16 	.276 	.427 	.584
Killebrew	1970 	Twins 	157 	527 	96 	143 	20 	1 	41 	0 	113 	128 	23 	84 	0 	8 	2 	28 	.271 	.411 	.546
Killebrew	1971 	Twins 	147 	500 	61 	127 	19 	1 	28 	1 	119 	114 	14 	96 	0 	10 	0 	21 	.254 	.386 	.464
Killebrew	1972 	Twins 	139 	433 	53 	100 	13 	2 	26 	1 	74 	94 	12 	91 	0 	4 	1 	16 	.231 	.367 	.450
Killebrew	1973 	Twins 	69 	248 	29 	60 	9 	1 	5 	0 	32 	41 	2 	59 	0 	0 	1 	10 	.242 	.352 	.347
Killebrew	1974 	Twins 	122 	333 	28 	74 	7 	0 	13 	0 	54 	45 	6 	61 	0 	4 	0 	12 	.222 	.312 	.360
Killebrew	1975 	Royals 	106 	312 	25 	62 	13 	0 	14 	0 	44 	54 	4 	70 	0 	2 	1 	5 	.199 	.317 	.375
Palmeiro	1986 	Cubs 	22 	73 	9 	18 	4 	0 	3 	0 	12 	4 	0 	6 	0 	0 	1 	4 	.247 	.295 	.425
Palmeiro	1987 	Cubs 	84 	221 	32 	61 	15 	1 	14 	0 	30 	20 	1 	26 	0 	2 	1 	4 	.276 	.336 	.543
Palmeiro	1988 	Cubs 	152 	580 	75 	178 	41 	5 	8 	1 	53 	38 	6 	34 	2 	6 	3 	11 	.307 	.349 	.436
Palmeiro	1989 	Rangers 	156 	559 	76 	154 	23 	4 	8 	0 	64 	63 	3 	48 	2 	2 	6 	18 	.275 	.354 	.374
Palmeiro	1990 	Rangers 	154 	598 	72 	191 	35 	6 	14 	0 	89 	40 	6 	59 	2 	8 	3 	24 	.319 	.361 	.468
Palmeiro	1991 	Rangers 	159 	631 	115 	203 	49 	3 	26 	0 	88 	68 	10 	72 	2 	7 	6 	17 	.322 	.389 	.532
Palmeiro	1992 	Rangers 	159 	608 	84 	163 	27 	4 	22 	1 	85 	72 	8 	83 	5 	6 	10 	10 	.268 	.352 	.434
Palmeiro	1993 	Rangers 	160 	597 	124 	176 	40 	2 	37 	0 	105 	73 	22 	85 	2 	9 	5 	8 	.295 	.371 	.554
Palmeiro	1994 	Orioles 	111 	436 	82 	139 	32 	0 	23 	0 	76 	54 	1 	63 	0 	6 	2 	11 	.319 	.392 	.550
Palmeiro	1995 	Orioles 	143 	554 	89 	172 	30 	2 	39 	0 	104 	62 	5 	65 	0 	5 	3 	12 	.310 	.380 	.583
Palmeiro	1996 	Orioles 	162 	626 	110 	181 	40 	2 	39 	1 	142 	95 	12 	96 	0 	8 	3 	9 	.289 	.381 	.546
Palmeiro	1997 	Orioles 	158 	614 	95 	156 	24 	2 	38 	1 	110 	67 	7 	109 	0 	6 	5 	14 	.254 	.329 	.485
Palmeiro	1998 	Orioles 	162 	619 	98 	183 	36 	1 	43 	1 	121 	79 	8 	91 	0 	4 	7 	14 	.296 	.379 	.565
Palmeiro	1999 	Rangers 	158 	565 	96 	183 	30 	1 	47 	3 	148 	97 	14 	69 	0 	9 	3 	12 	.324 	.420 	.630
Palmeiro	2000 	Rangers 	158 	565 	102 	163 	29 	3 	39 	0 	120 	103 	17 	77 	0 	7 	3 	14 	.288 	.397 	.558
Palmeiro	2001 	Rangers 	160 	600 	98 	164 	33 	0 	47 	1 	123 	101 	8 	90 	0 	6 	7 	8 	.273 	.381 	.563
Palmeiro	2002 	Rangers 	155 	546 	99 	149 	34 	0 	43 	1 	105 	104 	16 	94 	0 	7 	6 	10 	.273 	.391 	.571
Palmeiro	2003 	Rangers 	154 	561 	92 	146 	21 	2 	38 	1 	112 	84 	9 	77 	0 	4 	5 	7 	.260 	.359 	.508
Palmeiro	2004 	Orioles 	154 	550 	68 	142 	29 	0 	23 	0 	88 	86 	15 	61 	0 	9 	6 	15 	.258 	.359 	.436
Palmeiro	2005 	Orioles 	110 	369 	47 	98 	13 	0 	18 	1 	60 	43 	4 	43 	0 	8 	2 	9 	.266 	.339 	.447
Jackson	1967 	Athletics 	35 	118 	13 	21 	4 	4 	1 	0 	6 	10 	0 	46 	1 	1 	5 	1 	.178 	.269 	.305
Jackson	1968 	Athletics 	154 	553 	82 	138 	13 	6 	29 	0 	74 	50 	5 	171 	4 	2 	5 	3 	.250 	.316 	.452
Jackson	1969 	Athletics 	152 	549 	123 	151 	36 	3 	47 	0 	118 	114 	20 	142 	1 	1 	12 	8 	.275 	.410 	.608
Jackson	1970 	Athletics 	149 	426 	57 	101 	21 	2 	23 	1 	66 	75 	11 	135 	2 	3 	8 	10 	.237 	.359 	.458
Jackson	1971 	Athletics 	150 	567 	87 	157 	29 	3 	32 	0 	80 	63 	5 	161 	0 	6 	6 	7 	.277 	.352 	.508
Jackson	1972 	Athletics 	135 	499 	72 	132 	25 	2 	25 	0 	75 	59 	7 	125 	4 	2 	8 	5 	.265 	.350 	.473
Jackson	1973 	Athletics 	151 	539 	99 	158 	28 	2 	32 	0 	117 	76 	11 	111 	0 	7 	7 	13 	.293 	.383 	.531
Jackson	1974 	Athletics 	148 	506 	90 	146 	25 	1 	29 	0 	93 	86 	20 	105 	0 	8 	4 	8 	.289 	.391 	.514
Jackson	1975 	Athletics 	157 	593 	91 	150 	39 	3 	36 	0 	104 	67 	5 	133 	0 	6 	3 	10 	.253 	.329 	.511
Jackson	1976 	Orioles 	134 	498 	84 	138 	27 	2 	27 	3 	91 	54 	7 	108 	0 	2 	4 	17 	.277 	.351 	.502
Jackson	1977 	Yankees 	146 	525 	93 	150 	39 	2 	32 	1 	110 	74 	4 	129 	0 	4 	3 	3 	.286 	.375 	.550
Jackson	1978 	Yankees 	139 	511 	82 	140 	13 	5 	27 	2 	97 	58 	2 	133 	0 	3 	9 	8 	.274 	.356 	.477
Jackson	1979 	Yankees 	131 	465 	78 	138 	24 	2 	29 	0 	89 	65 	3 	107 	0 	5 	2 	17 	.297 	.382 	.544
Jackson	1980 	Yankees 	143 	514 	94 	154 	22 	4 	41 	1 	111 	83 	15 	122 	0 	2 	2 	7 	.300 	.398 	.597
Jackson	1981 	Yankees 	94 	334 	33 	79 	17 	1 	15 	0 	54 	46 	2 	82 	0 	1 	1 	8 	.237 	.330 	.428
Jackson	1982 	Angels 	153 	530 	92 	146 	17 	1 	39 	1 	101 	85 	12 	156 	0 	4 	2 	10 	.275 	.375 	.532
Jackson	1983 	Angels 	116 	397 	43 	77 	14 	1 	14 	0 	49 	52 	5 	140 	0 	5 	4 	5 	.194 	.290 	.340
Jackson	1984 	Angels 	143 	525 	67 	117 	17 	2 	25 	1 	81 	55 	7 	141 	1 	0 	3 	10 	.223 	.300 	.406
Jackson	1985 	Angels 	143 	460 	64 	116 	27 	0 	27 	1 	85 	78 	12 	138 	0 	2 	1 	16 	.252 	.360 	.487
Jackson	1986 	Angels 	132 	419 	65 	101 	12 	2 	18 	0 	58 	92 	11 	115 	0 	3 	3 	14 	.241 	.379 	.408
Jackson	1987 	Athletics 	115 	336 	42 	74 	14 	1 	15 	0 	43 	33 	0 	97 	0 	1 	4 	3 	.220 	.297 	.402
Schmidt	1972 	Phillies 	13 	34 	2 	7 	0 	0 	1 	0 	3 	5 	0 	15 	0 	0 	1 	0 	.206 	.325 	.294
Schmidt	1973 	Phillies 	132 	367 	43 	72 	11 	0 	18 	2 	52 	62 	3 	136 	1 	4 	9 	8 	.196 	.324 	.373
Schmidt	1974 	Phillies 	162 	568 	108 	160 	28 	7 	36 	0 	116 	106 	14 	138 	3 	5 	4 	4 	.282 	.395 	.546
Schmidt	1975 	Phillies 	158 	562 	93 	140 	34 	3 	38 	0 	95 	101 	10 	180 	6 	1 	4 	7 	.249 	.367 	.523
Schmidt	1976 	Phillies 	160 	584 	112 	153 	31 	4 	38 	0 	107 	100 	8 	149 	3 	7 	11 	7 	.262 	.376 	.524
Schmidt	1977 	Phillies 	154 	544 	114 	149 	27 	11 	38 	0 	101 	104 	4 	122 	1 	9 	9 	10 	.274 	.393 	.574
Schmidt	1978 	Phillies 	145 	513 	93 	129 	27 	2 	21 	0 	78 	91 	12 	103 	0 	8 	4 	4 	.251 	.364 	.435
Schmidt	1979 	Phillies 	160 	541 	109 	137 	25 	4 	45 	1 	114 	120 	12 	115 	2 	9 	3 	13 	.253 	.386 	.564
Schmidt	1980 	Phillies 	150 	548 	104 	157 	25 	8 	48 	1 	121 	89 	10 	119 	0 	13 	2 	6 	.286 	.380 	.624
Schmidt	1981 	Phillies 	102 	354 	78 	112 	19 	2 	31 	1 	91 	73 	18 	71 	0 	3 	4 	9 	.316 	.435 	.644
Schmidt	1982 	Phillies 	148 	514 	108 	144 	26 	3 	35 	0 	87 	107 	17 	131 	0 	7 	3 	11 	.280 	.403 	.547
Schmidt	1983 	Phillies 	154 	534 	104 	136 	16 	4 	40 	2 	109 	128 	17 	148 	0 	4 	3 	10 	.255 	.399 	.524
Schmidt	1984 	Phillies 	151 	528 	93 	146 	23 	3 	36 	0 	106 	92 	14 	116 	0 	8 	4 	15 	.277 	.383 	.536
Schmidt	1985 	Phillies 	158 	549 	89 	152 	31 	5 	33 	0 	93 	87 	8 	117 	0 	6 	3 	10 	.277 	.375 	.532
Schmidt	1986 	Phillies 	160 	552 	97 	160 	29 	1 	37 	0 	119 	89 	25 	84 	0 	9 	7 	8 	.290 	.390 	.547
Schmidt	1987 	Phillies 	147 	522 	88 	153 	28 	0 	35 	0 	113 	83 	15 	80 	0 	6 	2 	17 	.293 	.388 	.548
Schmidt	1988 	Phillies 	108 	390 	52 	97 	21 	2 	12 	0 	62 	49 	10 	42 	0 	6 	6 	11 	.249 	.337 	.405
Schmidt	1989 	Phillies 	42 	148 	19 	30 	7 	0 	6 	0 	28 	21 	4 	17 	0 	3 	0 	6 	.203 	.297 	.372
GriffeyJr	1989 	Mariners 	127 	455 	61 	120 	23 	0 	16 	0 	61 	44 	8 	83 	1 	4 	2 	4 	.264 	.329 	.420
GriffeyJr	1990 	Mariners 	155 	597 	91 	179 	28 	7 	22 	0 	80 	63 	12 	81 	0 	4 	2 	12 	.300 	.366 	.481
GriffeyJr	1991 	Mariners 	154 	548 	76 	179 	42 	1 	22 	3 	100 	71 	21 	82 	4 	9 	1 	10 	.327 	.399 	.527
GriffeyJr	1992 	Mariners 	142 	565 	83 	174 	39 	4 	27 	1 	103 	44 	15 	67 	0 	3 	5 	15 	.308 	.361 	.535
GriffeyJr	1993 	Mariners 	156 	582 	113 	180 	38 	3 	45 	1 	109 	96 	25 	91 	0 	7 	6 	14 	.309 	.408 	.617
GriffeyJr	1994 	Mariners 	111 	433 	94 	140 	24 	4 	40 	2 	90 	56 	19 	73 	0 	2 	2 	9 	.323 	.402 	.674
GriffeyJr	1995 	Mariners 	72 	260 	52 	67 	7 	0 	17 	1 	42 	52 	6 	53 	0 	2 	0 	4 	.258 	.379 	.481
GriffeyJr	1996 	Mariners 	140 	545 	125 	165 	26 	2 	49 	0 	140 	78 	13 	104 	1 	7 	7 	7 	.303 	.392 	.628
GriffeyJr	1997 	Mariners 	157 	608 	125 	185 	34 	3 	56 	1 	147 	76 	23 	121 	0 	12 	8 	12 	.304 	.382 	.646
GriffeyJr	1998 	Mariners 	161 	633 	120 	180 	33 	3 	56 	1 	146 	76 	11 	121 	0 	4 	7 	14 	.284 	.365 	.611
GriffeyJr	1999 	Mariners 	160 	606 	123 	173 	26 	3 	48 	2 	134 	91 	17 	108 	0 	2 	7 	8 	.285 	.384 	.576
GriffeyJr	2000 	Reds 	145 	520 	100 	141 	22 	3 	40 	2 	118 	94 	17 	117 	0 	8 	9 	7 	.271 	.387 	.556
GriffeyJr	2001 	Reds 	111 	364 	57 	104 	20 	2 	22 	0 	65 	44 	6 	72 	1 	4 	4 	8 	.286 	.365 	.533
GriffeyJr	2002 	Reds 	70 	197 	17 	52 	8 	0 	8 	0 	23 	28 	6 	39 	0 	4 	3 	6 	.264 	.358 	.426
GriffeyJr	2003 	Reds 	53 	166 	34 	41 	12 	1 	13 	0 	26 	27 	5 	44 	1 	1 	6 	3 	.247 	.370 	.566
GriffeyJr	2004 	Reds 	83 	300 	49 	76 	18 	0 	20 	0 	60 	44 	3 	67 	0 	2 	2 	8 	.253 	.351 	.513
GriffeyJr	2005 	Reds 	128 	491 	85 	148 	30 	0 	35 	0 	92 	54 	3 	93 	0 	7 	3 	9 	.301 	.369 	.576
Mantle	1951 	Yankees 	96 	341 	61 	91 	11 	5 	13 	0 	65 	43 	NA 	74 	2 	NA 	0 	3 	.267 	.349 	.443
Mantle	1952 	Yankees 	142 	549 	94 	171 	37 	7 	23 	2 	87 	75 	NA 	111 	2 	NA 	0 	5 	.311 	.394 	.530
Mantle	1953 	Yankees 	127 	461 	105 	136 	24 	3 	21 	1 	92 	79 	NA 	90 	0 	NA 	0 	2 	.295 	.398 	.497
Mantle	1954 	Yankees 	146 	543 	129 	163 	17 	12 	27 	0 	102 	102 	NA 	107 	2 	4 	0 	3 	.300 	.408 	.525
Mantle	1955 	Yankees 	147 	517 	121 	158 	25 	11 	37 	1 	99 	113 	6 	97 	2 	3 	3 	4 	.306 	.431 	.611
Mantle	1956 	Yankees 	150 	533 	132 	188 	22 	5 	52 	1 	130 	112 	6 	99 	1 	4 	2 	4 	.353 	.464 	.705
Mantle	1957 	Yankees 	144 	474 	121 	173 	28 	6 	34 	0 	94 	146 	23 	75 	0 	3 	0 	5 	.365 	.512 	.665
Mantle	1958 	Yankees 	150 	519 	127 	158 	21 	1 	42 	0 	97 	129 	13 	120 	2 	2 	2 	11 	.304 	.443 	.592
Mantle	1959 	Yankees 	144 	541 	104 	154 	23 	4 	31 	0 	75 	93 	6 	126 	1 	2 	2 	7 	.285 	.390 	.514
Mantle	1960 	Yankees 	153 	527 	119 	145 	17 	6 	40 	0 	94 	111 	6 	125 	0 	5 	1 	11 	.275 	.399 	.558
Mantle	1961 	Yankees 	153 	514 	132 	163 	16 	6 	54 	1 	128 	126 	9 	112 	1 	5 	0 	2 	.317 	.448 	.687
Mantle	1962 	Yankees 	123 	377 	96 	121 	15 	1 	30 	1 	89 	122 	9 	78 	0 	2 	1 	4 	.321 	.486 	.605
Mantle	1963 	Yankees 	65 	172 	40 	54 	8 	0 	15 	0 	35 	40 	4 	32 	0 	1 	0 	5 	.314 	.441 	.622
Mantle	1964 	Yankees 	143 	465 	92 	141 	25 	2 	35 	0 	111 	99 	18 	102 	0 	3 	0 	9 	.303 	.423 	.591
Mantle	1965 	Yankees 	122 	361 	44 	92 	12 	1 	19 	1 	46 	73 	7 	76 	0 	1 	0 	11 	.255 	.379 	.452
Mantle	1966 	Yankees 	108 	333 	40 	96 	12 	1 	23 	1 	56 	57 	5 	76 	0 	3 	0 	9 	.288 	.389 	.538
Mantle	1967 	Yankees 	144 	440 	63 	108 	17 	0 	22 	0 	55 	107 	7 	113 	0 	5 	1 	9 	.245 	.391 	.434
Mantle	1968 	Yankees 	144 	435 	57 	103 	14 	1 	18 	0 	54 	106 	7 	97 	1 	4 	1 	9 	.237 	.385 	.398
Foxx	1925 	Athletics 	10 	9 	2 	6 	1 	0 	0 	0 	0 	0 	NA 	1 	0 	NA 	0 	NA 	.667 	.667 	.778
Foxx	1926 	Athletics 	26 	32 	8 	10 	2 	1 	0 	0 	5 	1 	NA 	6 	2 	NA 	0 	NA 	.313 	.333 	.438
Foxx	1927 	Athletics 	61 	130 	23 	42 	6 	5 	3 	0 	20 	14 	NA 	11 	1 	NA 	1 	NA 	.323 	.393 	.515
Foxx	1928 	Athletics 	118 	400 	85 	131 	29 	10 	13 	0 	79 	60 	NA 	43 	12 	NA 	1 	NA 	.328 	.416 	.548
Foxx	1929 	Athletics 	149 	517 	123 	183 	23 	9 	33 	0 	118 	103 	NA 	70 	16 	NA 	2 	NA 	.354 	.463 	.625
Foxx	1930 	Athletics 	153 	562 	127 	188 	33 	13 	37 	1 	156 	93 	NA 	66 	18 	NA 	0 	NA 	.335 	.429 	.637
Foxx	1931 	Athletics 	139 	515 	93 	150 	32 	10 	30 	1 	120 	73 	NA 	84 	4 	NA 	1 	NA 	.291 	.380 	.567
Foxx	1932 	Athletics 	154 	585 	151 	213 	33 	9 	58 	3 	169 	116 	NA 	96 	0 	NA 	0 	NA 	.364 	.469 	.749
Foxx	1933 	Athletics 	149 	573 	125 	204 	37 	9 	48 	1 	163 	96 	NA 	93 	0 	NA 	1 	NA 	.356 	.449 	.703
Foxx	1934 	Athletics 	150 	539 	120 	180 	28 	6 	44 	3 	130 	111 	NA 	75 	1 	NA 	1 	NA 	.334 	.449 	.653
Foxx	1935 	Athletics 	147 	535 	118 	185 	33 	7 	36 	0 	115 	114 	NA 	99 	0 	NA 	0 	NA 	.346 	.461 	.636
Foxx	1936 	RedSox 	155 	585 	130 	198 	32 	8 	41 	0 	143 	105 	NA 	119 	2 	NA 	1 	NA 	.338 	.440 	.631
Foxx	1937 	RedSox 	150 	569 	111 	162 	24 	6 	36 	0 	127 	99 	NA 	96 	4 	NA 	1 	NA 	.285 	.392 	.538
Foxx	1938 	RedSox 	149 	565 	139 	197 	33 	9 	50 	3 	175 	119 	NA 	76 	1 	NA 	0 	NA 	.349 	.462 	.704
Foxx	1939 	RedSox 	124 	467 	130 	168 	31 	10 	35 	0 	105 	89 	NA 	72 	5 	NA 	2 	17 	.360 	.464 	.694
Foxx	1940 	RedSox 	144 	515 	106 	153 	30 	4 	36 	3 	119 	101 	NA 	87 	2 	NA 	0 	18 	.297 	.412 	.581
Foxx	1941 	RedSox 	135 	487 	87 	146 	27 	8 	19 	1 	105 	93 	NA 	103 	2 	NA 	0 	21 	.300 	.412 	.505
Foxx	1942 	RedSox 	30 	100 	18 	27 	4 	0 	5 	0 	14 	18 	NA 	15 	0 	NA 	2 	1 	.270 	.392 	.460
Foxx	1942 	Cubs 	70 	205 	25 	42 	8 	0 	3 	0 	19 	22 	NA 	55 	0 	NA 	0 	9 	.205 	.282 	.288
Foxx	1944 	Cubs 	15 	20 	0 	1 	1 	0 	0 	0 	2 	2 	NA 	5 	0 	NA 	0 	0 	.050 	.136 	.100
Foxx	1945 	Phillies 	89 	224 	30 	60 	11 	1 	7 	1 	38 	23 	NA 	39 	1 	NA 	0 	3 	.268 	.336 	.420
McCovey	1959 	Giants 	52 	192 	32 	68 	9 	5 	13 	0 	38 	22 	1 	35 	0 	1 	4 	7 	.354 	.429 	.656
McCovey	1960 	Giants 	101 	260 	37 	62 	15 	3 	13 	1 	51 	45 	4 	53 	0 	2 	0 	3 	.238 	.349 	.469
McCovey	1961 	Giants 	106 	328 	59 	89 	12 	3 	18 	0 	50 	37 	3 	60 	0 	4 	5 	8 	.271 	.350 	.491
McCovey	1962 	Giants 	91 	229 	41 	67 	6 	1 	20 	0 	54 	29 	1 	35 	0 	3 	0 	6 	.293 	.368 	.590
McCovey	1963 	Giants 	152 	564 	103 	158 	19 	5 	44 	0 	102 	50 	5 	119 	1 	1 	11 	10 	.280 	.350 	.566
McCovey	1964 	Giants 	130 	364 	55 	80 	14 	1 	18 	1 	54 	61 	5 	73 	0 	4 	5 	9 	.220 	.336 	.412
McCovey	1965 	Giants 	160 	540 	93 	149 	17 	4 	39 	1 	92 	88 	5 	118 	2 	3 	6 	8 	.276 	.381 	.539
McCovey	1966 	Giants 	150 	502 	85 	148 	26 	6 	36 	1 	96 	76 	10 	100 	0 	4 	6 	8 	.295 	.391 	.586
McCovey	1967 	Giants 	135 	456 	73 	126 	17 	4 	31 	3 	91 	71 	17 	110 	2 	4 	6 	8 	.276 	.378 	.535
McCovey	1968 	Giants 	148 	523 	81 	153 	16 	4 	36 	1 	105 	72 	20 	71 	0 	8 	5 	10 	.293 	.378 	.545
McCovey	1969 	Giants 	149 	491 	101 	157 	26 	2 	45 	2 	126 	121 	45 	66 	0 	7 	4 	11 	.320 	.453 	.656
McCovey	1970 	Giants 	152 	495 	98 	143 	39 	2 	39 	2 	126 	137 	40 	75 	0 	3 	3 	13 	.289 	.444 	.612
McCovey	1971 	Giants 	105 	329 	45 	91 	13 	0 	18 	1 	70 	64 	21 	57 	0 	5 	4 	6 	.277 	.396 	.480
McCovey	1972 	Giants 	81 	263 	30 	56 	8 	0 	14 	1 	35 	38 	5 	45 	0 	1 	2 	3 	.213 	.316 	.403
McCovey	1973 	Giants 	130 	383 	52 	102 	14 	3 	29 	0 	75 	105 	25 	78 	0 	6 	1 	6 	.266 	.420 	.546
McCovey	1974 	Padres 	128 	344 	53 	87 	19 	1 	22 	1 	63 	96 	9 	76 	0 	1 	1 	8 	.253 	.416 	.506
McCovey	1975 	Padres 	122 	413 	43 	104 	17 	0 	23 	1 	68 	57 	8 	80 	0 	2 	3 	10 	.252 	.345 	.460
McCovey	1976 	Padres 	71 	202 	20 	41 	9 	0 	7 	0 	36 	21 	7 	39 	0 	0 	1 	4 	.203 	.281 	.351
McCovey	1976 	Athletics 	11 	24 	0 	5 	0 	0 	0 	0 	0 	3 	1 	4 	0 	0 	0 	0 	.208 	.296 	.208
McCovey	1977 	Giants 	141 	478 	54 	134 	21 	0 	28 	2 	86 	67 	16 	106 	0 	3 	0 	16 	.280 	.367 	.500
McCovey	1978 	Giants 	108 	351 	32 	80 	19 	2 	12 	0 	64 	36 	8 	57 	0 	2 	0 	12 	.228 	.298 	.396
McCovey	1979 	Giants 	117 	353 	34 	88 	9 	0 	15 	0 	57 	36 	2 	70 	0 	3 	1 	7 	.249 	.318 	.402
McCovey	1980 	Giants 	48 	113 	8 	23 	8 	0 	1 	0 	16 	13 	2 	23 	0 	3 	1 	3 	.204 	.285 	.301
Williams	1939 	RedSox 	149 	565 	131 	185 	44 	11 	31 	2 	145 	107 	NA 	64 	3 	NA 	2 	10 	.327 	.436 	.609
Williams	1940 	RedSox 	144 	561 	134 	193 	43 	14 	23 	1 	113 	96 	NA 	54 	1 	NA 	3 	13 	.344 	.442 	.594
Williams	1941 	RedSox 	143 	456 	135 	185 	33 	3 	37 	1 	120 	147 	NA 	27 	0 	NA 	3 	10 	.406 	.553 	.735
Williams	1942 	RedSox 	150 	522 	141 	186 	34 	5 	36 	1 	137 	145 	NA 	51 	0 	NA 	4 	12 	.356 	.499 	.648
Williams	1946 	RedSox 	150 	514 	142 	176 	37 	8 	38 	2 	123 	156 	NA 	44 	0 	NA 	2 	12 	.342 	.497 	.667
Williams	1947 	RedSox 	156 	528 	125 	181 	40 	9 	32 	1 	114 	162 	NA 	47 	1 	NA 	2 	10 	.343 	.499 	.634
Williams	1948 	RedSox 	137 	509 	124 	188 	44 	3 	25 	0 	127 	126 	NA 	41 	0 	NA 	3 	10 	.369 	.497 	.615
Williams	1949 	RedSox 	155 	566 	150 	194 	39 	3 	43 	1 	159 	162 	NA 	48 	0 	NA 	2 	22 	.343 	.490 	.650
Williams	1950 	RedSox 	89 	334 	82 	106 	24 	1 	28 	1 	97 	82 	NA 	21 	0 	NA 	0 	12 	.317 	.452 	.647
Williams	1951 	RedSox 	148 	531 	109 	169 	28 	4 	30 	1 	126 	144 	NA 	45 	0 	NA 	0 	10 	.318 	.464 	.556
Williams	1952 	RedSox 	6 	10 	2 	4 	0 	1 	1 	0 	3 	2 	NA 	2 	0 	NA 	0 	0 	.400 	.500 	.900
Williams	1953 	RedSox 	37 	91 	17 	37 	6 	0 	13 	0 	34 	19 	NA 	10 	0 	NA 	0 	1 	.407 	.509 	.901
Williams	1954 	RedSox 	117 	386 	93 	133 	23 	1 	29 	0 	89 	136 	NA 	32 	0 	3 	1 	10 	.345 	.513 	.635
Williams	1955 	RedSox 	98 	320 	77 	114 	21 	3 	28 	3 	83 	91 	17 	24 	0 	4 	2 	8 	.356 	.496 	.703
Williams	1956 	RedSox 	136 	400 	71 	138 	28 	2 	24 	0 	82 	102 	11 	39 	0 	0 	1 	13 	.345 	.479 	.605
Williams	1957 	RedSox 	132 	420 	96 	163 	28 	1 	38 	1 	87 	119 	33 	43 	0 	2 	5 	11 	.388 	.526 	.731
Williams	1958 	RedSox 	129 	411 	81 	135 	23 	2 	26 	2 	85 	98 	12 	49 	0 	4 	4 	19 	.328 	.458 	.584
Williams	1959 	RedSox 	103 	272 	32 	69 	15 	0 	10 	0 	43 	52 	6 	27 	0 	5 	2 	7 	.254 	.372 	.419
Williams	1960 	RedSox 	113 	310 	56 	98 	15 	0 	29 	0 	72 	75 	7 	41 	0 	2 	3 	7 	.316 	.451 	.645
Banks	1953 	Cubs 	10 	35 	3 	11 	1 	1 	2 	0 	6 	4 	NA 	5 	0 	NA 	0 	0 	.314 	.385 	.571
Banks	1954 	Cubs 	154 	593 	70 	163 	19 	7 	19 	0 	79 	40 	NA 	50 	5 	4 	7 	11 	.275 	.326 	.427
Banks	1955 	Cubs 	154 	596 	98 	176 	29 	9 	44 	5 	117 	45 	6 	72 	0 	3 	2 	16 	.295 	.345 	.596
Banks	1956 	Cubs 	139 	538 	82 	160 	25 	8 	28 	0 	85 	52 	18 	62 	0 	3 	0 	7 	.297 	.358 	.530
Banks	1957 	Cubs 	156 	594 	113 	169 	34 	6 	43 	0 	102 	70 	11 	85 	2 	5 	3 	12 	.285 	.360 	.579
Banks	1958 	Cubs 	154 	617 	119 	193 	23 	11 	47 	0 	129 	52 	12 	87 	1 	8 	4 	14 	.313 	.366 	.614
Banks	1959 	Cubs 	155 	589 	97 	179 	25 	6 	45 	2 	143 	64 	20 	72 	2 	9 	7 	18 	.304 	.374 	.596
Banks	1960 	Cubs 	156 	597 	94 	162 	32 	7 	41 	1 	117 	71 	28 	69 	0 	6 	4 	14 	.271 	.350 	.554
Banks	1961 	Cubs 	138 	511 	75 	142 	22 	4 	29 	1 	80 	54 	21 	75 	0 	6 	2 	11 	.278 	.346 	.507
Banks	1962 	Cubs 	154 	610 	87 	164 	20 	6 	37 	0 	104 	30 	3 	71 	0 	10 	7 	19 	.269 	.306 	.503
Banks	1963 	Cubs 	130 	432 	41 	98 	20 	1 	18 	0 	64 	39 	16 	73 	1 	8 	4 	7 	.227 	.292 	.403
Banks	1964 	Cubs 	157 	591 	67 	156 	29 	6 	23 	1 	95 	36 	11 	84 	1 	6 	3 	16 	.264 	.307 	.450
Banks	1965 	Cubs 	163 	612 	79 	162 	25 	3 	28 	0 	106 	55 	19 	64 	0 	7 	6 	16 	.265 	.328 	.453
Banks	1966 	Cubs 	141 	511 	52 	139 	23 	7 	15 	0 	75 	29 	10 	59 	4 	5 	5 	15 	.272 	.315 	.432
Banks	1967 	Cubs 	151 	573 	68 	158 	26 	4 	23 	0 	95 	27 	8 	93 	8 	4 	3 	20 	.276 	.310 	.455
Banks	1968 	Cubs 	150 	552 	71 	136 	27 	0 	32 	1 	83 	27 	4 	67 	9 	2 	5 	12 	.246 	.287 	.469
Banks	1969 	Cubs 	155 	565 	60 	143 	19 	2 	23 	1 	106 	42 	7 	101 	8 	7 	7 	15 	.253 	.309 	.416
Banks	1970 	Cubs 	72 	222 	25 	56 	6 	2 	12 	0 	44 	20 	3 	33 	1 	3 	1 	5 	.252 	.313 	.459
Banks	1971 	Cubs 	39 	83 	4 	16 	2 	0 	3 	0 	6 	6 	1 	14 	3 	0 	0 	1 	.193 	.247 	.325
Matthews	1952 	Braves 	145 	528 	80 	128 	23 	5 	25 	0 	58 	59 	NA 	115 	5 	NA 	1 	9 	.242 	.320 	.447
Matthews	1953 	Braves 	157 	579 	110 	175 	31 	8 	47 	2 	135 	99 	NA 	83 	1 	NA 	2 	6 	.302 	.406 	.627
Matthews	1954 	Braves 	138 	476 	96 	138 	21 	4 	40 	2 	103 	113 	NA 	61 	3 	7 	2 	9 	.290 	.423 	.603
Matthews	1955 	Braves 	141 	499 	108 	144 	23 	5 	41 	0 	101 	109 	20 	98 	1 	6 	1 	5 	.289 	.413 	.601
Matthews	1956 	Braves 	151 	552 	103 	150 	21 	2 	37 	0 	95 	91 	17 	86 	3 	4 	1 	4 	.272 	.373 	.518
Matthews	1957 	Braves 	148 	572 	109 	167 	28 	9 	32 	0 	94 	90 	5 	79 	2 	2 	0 	6 	.292 	.387 	.540
Matthews	1958 	Braves 	149 	546 	97 	137 	18 	1 	31 	0 	77 	85 	5 	85 	8 	8 	2 	9 	.251 	.349 	.458
Matthews	1959 	Braves 	148 	594 	118 	182 	16 	8 	46 	1 	114 	80 	2 	71 	3 	2 	3 	6 	.306 	.390 	.593
Matthews	1960 	Braves 	153 	548 	108 	152 	19 	7 	39 	0 	124 	111 	3 	113 	4 	6 	2 	8 	.277 	.397 	.551
Matthews	1961 	Braves 	152 	572 	103 	175 	23 	6 	32 	0 	91 	93 	3 	95 	1 	4 	2 	10 	.306 	.402 	.535
Matthews	1962 	Braves 	152 	536 	106 	142 	25 	6 	29 	1 	90 	101 	7 	90 	0 	4 	2 	11 	.265 	.381 	.496
Matthews	1963 	Braves 	158 	547 	82 	144 	27 	4 	23 	0 	84 	124 	14 	119 	0 	3 	1 	9 	.263 	.399 	.453
Matthews	1964 	Braves 	141 	502 	83 	117 	19 	1 	23 	0 	74 	85 	5 	100 	0 	2 	1 	8 	.233 	.344 	.412
Matthews	1965 	Braves 	156 	546 	77 	137 	23 	0 	32 	1 	95 	73 	7 	110 	1 	3 	3 	11 	.251 	.341 	.469
Matthews	1966 	Braves 	134 	452 	72 	113 	21 	4 	16 	1 	53 	63 	6 	82 	1 	1 	0 	6 	.250 	.341 	.420
Matthews	1967 	Astros 	101 	328 	39 	78 	13 	2 	10 	0 	38 	48 	12 	65 	2 	4 	1 	5 	.238 	.333 	.381
Matthews	1967 	Tigers 	36 	108 	14 	25 	3 	0 	6 	0 	19 	15 	0 	23 	1 	2 	2 	1 	.231 	.331 	.426
Matthews	1968 	Tigers 	31 	52 	4 	11 	0 	0 	3 	0 	8 	5 	1 	12 	0 	0 	0 	0 	.212 	.281 	.385
Ott		1926 	Giants 	35 	60 	7 	23 	2 	0 	0 	0 	4 	1 	NA 	9 	0 	NA 	0 	NA 	.383 	.393 	.417
Ott		1927 	Giants 	82 	163 	23 	46 	7 	3 	1 	0 	19 	13 	NA 	9 	4 	NA 	0 	NA 	.282 	.335 	.380
Ott		1928 	Giants 	124 	435 	69 	140 	26 	4 	18 	0 	77 	52 	NA 	36 	10 	NA 	2 	NA 	.322 	.397 	.524
Ott		1929 	Giants 	150 	545 	138 	179 	37 	2 	42 	0 	151 	113 	NA 	38 	10 	NA 	6 	NA 	.328 	.449 	.635
Ott		1930 	Giants 	148 	521 	122 	182 	34 	5 	25 	0 	119 	103 	NA 	35 	20 	NA 	2 	NA 	.349 	.458 	.578
Ott		1931 	Giants 	138 	497 	104 	145 	23 	8 	29 	0 	115 	80 	NA 	44 	1 	NA 	2 	NA 	.292 	.392 	.545
Ott		1932 	Giants 	154 	566 	119 	180 	30 	8 	38 	0 	123 	100 	NA 	39 	3 	NA 	4 	NA 	.318 	.424 	.601
Ott		1933 	Giants 	152 	580 	98 	164 	36 	1 	23 	2 	103 	75 	NA 	48 	4 	NA 	2 	10 	.283 	.367 	.467
Ott		1934 	Giants 	153 	582 	119 	190 	29 	10 	35 	0 	135 	85 	NA 	43 	1 	NA 	3 	10 	.326 	.415 	.591
Ott		1935 	Giants 	152 	593 	113 	191 	33 	6 	31 	1 	114 	82 	NA 	58 	5 	NA 	3 	4 	.322 	.407 	.555
Ott		1936 	Giants 	150 	534 	120 	175 	28 	6 	33 	0 	135 	111 	NA 	41 	10 	NA 	5 	8 	.328 	.448 	.588
Ott		1937 	Giants 	151 	545 	99 	160 	28 	2 	31 	0 	95 	102 	NA 	69 	4 	NA 	3 	4 	.294 	.408 	.523
Ott		1938 	Giants 	150 	527 	116 	164 	23 	6 	36 	1 	116 	118 	NA 	47 	2 	NA 	5 	8 	.311 	.442 	.583
Ott		1939 	Giants 	125 	396 	85 	122 	23 	2 	27 	0 	80 	100 	NA 	50 	11 	NA 	1 	5 	.308 	.449 	.581
Ott		1940 	Giants 	151 	536 	89 	155 	27 	3 	19 	0 	79 	100 	NA 	50 	5 	NA 	6 	9 	.289 	.407 	.457
Ott		1941 	Giants 	148 	525 	89 	150 	29 	0 	27 	1 	90 	100 	NA 	68 	6 	NA 	3 	2 	.286 	.403 	.495
Ott		1942 	Giants 	152 	549 	118 	162 	21 	0 	30 	2 	93 	109 	NA 	61 	3 	NA 	3 	8 	.295 	.415 	.497
Ott		1943 	Giants 	125 	380 	65 	89 	12 	2 	18 	0 	47 	95 	NA 	48 	4 	NA 	3 	4 	.234 	.391 	.418
Ott		1944 	Giants 	120 	399 	91 	115 	16 	4 	26 	0 	82 	90 	NA 	47 	2 	NA 	3 	3 	.288 	.423 	.544
Ott		1945 	Giants 	135 	451 	73 	139 	23 	0 	21 	0 	79 	71 	NA 	41 	2 	NA 	8 	6 	.308 	.411 	.499
Ott		1946 	Giants 	31 	68 	2 	5 	1 	0 	1 	0 	4 	8 	NA 	15 	2 	NA 	0 	1 	.074 	.171 	.132
Ott		1947 	Giants 	4 	4 	0 	0 	0 	0 	0 	0 	0 	0 	NA 	0 	0 	NA 	0 	0 	.000 	.000 	.000
Murray	1977 	Orioles 	160 	611 	81 	173 	29 	2 	27 	0 	88 	48 	6 	104 	0 	6 	1 	22 	.283 	.333 	.470
Murray	1978 	Orioles 	161 	610 	85 	174 	32 	3 	27 	1 	95 	70 	7 	97 	1 	8 	1 	15 	.285 	.356 	.480
Murray	1979 	Orioles 	159 	606 	90 	179 	30 	2 	25 	1 	99 	72 	9 	78 	1 	6 	2 	16 	.295 	.369 	.475
Murray	1980 	Orioles 	158 	621 	100 	186 	36 	2 	32 	0 	116 	54 	10 	71 	0 	6 	2 	18 	.300 	.354 	.519
Murray	1981 	Orioles 	99 	378 	57 	111 	21 	2 	22 	2 	78 	40 	10 	43 	0 	3 	1 	10 	.294 	.360 	.534
Murray	1982 	Orioles 	151 	550 	87 	174 	30 	1 	32 	2 	110 	70 	18 	82 	0 	6 	1 	17 	.316 	.391 	.549
Murray	1983 	Orioles 	156 	582 	115 	178 	30 	3 	33 	1 	111 	86 	13 	90 	0 	9 	3 	13 	.306 	.393 	.538
Murray	1984 	Orioles 	162 	588 	97 	180 	26 	3 	29 	2 	110 	107 	25 	87 	0 	8 	2 	9 	.306 	.410 	.509
Murray	1985 	Orioles 	156 	583 	111 	173 	37 	1 	31 	3 	124 	84 	12 	68 	0 	8 	2 	8 	.297 	.383 	.523
Murray	1986 	Orioles 	137 	495 	61 	151 	25 	1 	17 	2 	84 	78 	7 	49 	0 	5 	0 	17 	.305 	.396 	.463
Murray	1987 	Orioles 	160 	618 	89 	171 	28 	3 	30 	0 	91 	73 	6 	80 	0 	3 	0 	15 	.277 	.352 	.477
Murray	1988 	Orioles 	161 	603 	75 	171 	27 	2 	28 	0 	84 	75 	8 	78 	0 	3 	0 	20 	.284 	.361 	.474
Murray	1989 	Dodgers 	160 	594 	66 	147 	29 	1 	20 	1 	88 	87 	24 	85 	0 	7 	2 	12 	.247 	.342 	.401
Murray	1990 	Dodgers 	155 	558 	96 	184 	22 	3 	26 	0 	95 	82 	21 	64 	0 	4 	1 	19 	.330 	.414 	.520
Murray	1991 	Dodgers 	153 	576 	69 	150 	23 	1 	19 	0 	96 	55 	17 	74 	0 	8 	0 	17 	.260 	.321 	.403
Murray	1992 	Mets 	156 	551 	64 	144 	37 	2 	16 	2 	93 	66 	8 	74 	0 	8 	0 	15 	.261 	.336 	.423
Murray	1993 	Mets 	154 	610 	77 	174 	28 	1 	27 	0 	100 	40 	4 	61 	0 	9 	0 	24 	.285 	.325 	.467
Murray	1994 	Indians 	108 	433 	57 	110 	21 	1 	17 	0 	76 	31 	6 	53 	0 	3 	0 	8 	.254 	.302 	.425
Murray	1995 	Indians 	113 	436 	68 	141 	21 	0 	21 	0 	82 	39 	5 	65 	0 	5 	0 	12 	.323 	.375 	.516
Murray	1996 	Indians 	88 	336 	33 	88 	9 	1 	12 	0 	45 	34 	2 	45 	0 	4 	0 	13 	.262 	.326 	.402
Murray	1996 	Orioles 	64 	230 	36 	59 	12 	0 	10 	2 	34 	27 	4 	42 	0 	6 	0 	6 	.257 	.327 	.439
Murray	1997 	Angels 	46 	160 	13 	35 	7 	0 	3 	0 	15 	13 	0 	24 	0 	3 	0 	8 	.219 	.273 	.319
Murray	1997 	Dodgers 	9 	7 	0 	2 	0 	0 	0 	0 	3 	2 	0 	2 	0 	0 	0 	2 	.286 	.444 	.286
Gehrig	1923 	Yankees 	13 	26 	6 	11 	4 	1 	1 	0 	9 	2 	NA 	5 	1 	NA 	0 	NA 	.423 	.464 	.769
Gehrig	1924 	Yankees 	10 	12 	2 	6 	1 	0 	0 	0 	5 	1 	NA 	3 	0 	NA 	0 	NA 	.500 	.538 	.583
Gehrig	1925 	Yankees 	126 	437 	73 	129 	23 	10 	20 	1 	68 	46 	NA 	49 	12 	NA 	2 	NA 	.295 	.365 	.531
Gehrig	1926 	Yankees 	155 	572 	135 	179 	47 	20 	16 	0 	112 	105 	NA 	73 	18 	NA 	1 	NA 	.313 	.420 	.549
Gehrig	1927 	Yankees 	155 	584 	149 	218 	52 	18 	47 	2 	175 	109 	NA 	84 	21 	NA 	3 	NA 	.373 	.474 	.765
Gehrig	1928 	Yankees 	154 	562 	139 	210 	47 	13 	27 	1 	142 	95 	NA 	69 	16 	NA 	4 	NA 	.374 	.467 	.648
Gehrig	1929 	Yankees 	154 	553 	127 	166 	32 	10 	35 	2 	126 	122 	NA 	68 	12 	NA 	5 	NA 	.300 	.431 	.584
Gehrig	1930 	Yankees 	154 	581 	143 	220 	42 	17 	41 	2 	174 	101 	NA 	63 	18 	NA 	3 	NA 	.379 	.473 	.721
Gehrig	1931 	Yankees 	155 	619 	163 	211 	31 	15 	46 	3 	184 	117 	NA 	56 	2 	NA 	0 	NA 	.341 	.446 	.662
Gehrig	1932 	Yankees 	156 	596 	138 	208 	42 	9 	34 	2 	151 	108 	NA 	38 	1 	NA 	3 	NA 	.349 	.451 	.621
Gehrig	1933 	Yankees 	152 	593 	138 	198 	41 	12 	32 	0 	139 	92 	NA 	42 	1 	NA 	1 	NA 	.334 	.424 	.605
Gehrig	1934 	Yankees 	154 	579 	128 	210 	40 	6 	49 	4 	165 	109 	NA 	31 	0 	NA 	2 	NA 	.363 	.465 	.706
Gehrig	1935 	Yankees 	149 	535 	125 	176 	26 	10 	30 	2 	119 	132 	NA 	38 	0 	NA 	5 	NA 	.329 	.466 	.583
Gehrig	1936 	Yankees 	155 	579 	167 	205 	37 	7 	49 	2 	152 	130 	NA 	46 	3 	NA 	7 	NA 	.354 	.478 	.696
Gehrig	1937 	Yankees 	157 	569 	138 	200 	37 	9 	37 	1 	159 	127 	NA 	49 	0 	NA 	4 	NA 	.351 	.473 	.643
Gehrig	1938 	Yankees 	157 	576 	115 	170 	32 	6 	29 	1 	114 	107 	NA 	75 	1 	NA 	5 	NA 	.295 	.410 	.523
Gehrig	1939 	Yankees 	8 	28 	2 	4 	0 	0 	0 	0 	1 	5 	NA 	1 	0 	NA 	0 	2 	.143 	.273 	.143
McGriff	1986 	BlueJays 	3 	5 	1 	1 	0 	0 	0 	0 	0 	0 	0 	2 	0 	0 	0 	0 	.200 	.200 	.200
McGriff	1987 	BlueJays 	107 	295 	58 	73 	16 	0 	20 	0 	43 	60 	4 	104 	0 	0 	1 	3 	.247 	.376 	.505
McGriff	1988 	BlueJays 	154 	536 	100 	151 	35 	4 	34 	0 	82 	79 	3 	149 	0 	4 	4 	15 	.282 	.376 	.552
McGriff	1989 	BlueJays 	161 	551 	98 	148 	27 	3 	36 	1 	92 	119 	12 	132 	1 	5 	4 	14 	.269 	.399 	.525
McGriff	1990 	BlueJays 	153 	557 	91 	167 	21 	1 	35 	0 	88 	94 	12 	108 	1 	4 	2 	7 	.300 	.400 	.530
McGriff	1991 	Padres 	153 	528 	84 	147 	19 	1 	31 	2 	106 	105 	26 	135 	0 	7 	2 	14 	.278 	.396 	.494
McGriff	1992 	Padres 	152 	531 	79 	152 	30 	4 	35 	1 	104 	96 	23 	108 	0 	4 	1 	14 	.286 	.394 	.556
McGriff	1993 	Padres 	83 	302 	52 	83 	11 	1 	18 	0 	46 	42 	4 	55 	0 	4 	1 	9 	.275 	.361 	.497
McGriff	1993 	Braves 	68 	255 	59 	79 	18 	1 	19 	1 	55 	34 	2 	51 	0 	1 	1 	5 	.310 	.392 	.612
McGriff	1994 	Braves 	113 	424 	81 	135 	25 	1 	34 	0 	94 	50 	8 	76 	0 	3 	1 	8 	.318 	.389 	.623
McGriff	1995 	Braves 	144 	528 	85 	148 	27 	1 	27 	0 	93 	65 	6 	99 	0 	6 	5 	19 	.280 	.361 	.489
McGriff	1996 	Braves 	159 	617 	81 	182 	37 	1 	28 	0 	107 	68 	12 	116 	0 	4 	2 	20 	.295 	.365 	.494
McGriff	1997 	Braves 	152 	564 	77 	156 	25 	1 	22 	0 	97 	68 	4 	112 	0 	5 	4 	22 	.277 	.356 	.441
McGriff	1998 	DevilRays 151 564 	73 	160 	33 	0 	19 	0 	81 	79 	9 	118 	0 	4 	2 	14 	.284 	.371 	.443
McGriff	1999 	DevilRays 144 529 	75 	164 	30 	1 	32 	0 	104 	86 	11 	107 	0 	4 	1 	12 	.310 	.405 	.552
McGriff	2000 	DevilRays 158 566 	82 	157 	18 	0 	27 	2 	106 	91 	10 	120 	0 	7 	0 	16 	.277 	.373 	.452
McGriff	2001 	DevilRays 97 	343 	40 	109 	18 	0 	19 	0 	61 	40 	9 	69 	0 	2 	0 	7 	.318 	.387 	.536
McGriff	2001 	Cubs 	49 	170 	27 	48 	7 	2 	12 	1 	41 	26 	4 	37 	0 	2 	3 	6 	.282 	.383 	.559
McGriff	2002 	Cubs 	146 	523 	67 	143 	27 	2 	30 	0 	103 	63 	6 	99 	0 	5 	4 	13 	.273 	.353 	.505
McGriff	2003 	Dodgers 	86 	297 	32 	74 	14 	0 	13 	1 	40 	31 	4 	66 	0 	0 	1 	7 	.249 	.322 	.428
McGriff	2004 	DevilRays 27 	72 	7 	13 	3 	0 	2 	0 	7 	9 	2 	19 	0 	0 	0 	1 	.181 	.272 	.306
Musial	1941 	Cardinals 12 	47 	8 	20 	4 	0 	1 	0 	7 	2 	NA 	1 	0 	NA 	0 	0 	.426 	.449 	.574
Musial	1942 	Cardinals 140 	467 	87 	147 	32 	10 	10 	1 	72 	62 	NA 	25 	5 	NA 	2 	3 	.315 	.397 	.490
Musial	1943 	Cardinals 157 	617 	108 	220 	48 	20 	13 	0 	81 	72 	NA 	18 	10 	NA 	2 	17 	.357 	.425 	.562
Musial	1944 	Cardinals	146 	568 	112 	197 	51 	14 	12 	0 	94 	90 	NA 	28 	4 	NA 	5 	7 	.347 	.440 	.549
Musial	1946 	Cardinals 156 	624 	124 	228 	50 	20 	16 	0 	103 	73 	NA 	31 	2 	NA 	3 	7 	.365 	.434 	.587
Musial	1947 	Cardinals 149 	587 	113 	183 	30 	13 	19 	1 	95 	80 	NA 	24 	6 	NA 	4 	18 	.312 	.398 	.504
Musial	1948 	Cardinals 155 	611 	135 	230 	46 	18 	39 	1 	131 	79 	NA 	34 	1 	NA 	3 	18 	.376 	.450 	.702
Musial	1949 	Cardinals 157 	612 	128 	207 	41 	13 	36 	0 	123 	107 	NA 	38 	0 	NA 	2 	12 	.338 	.438 	.624
Musial	1950 	Cardinals 146 	555 	105 	192 	41 	7 	28 	0 	109 	87 	NA 	36 	0 	NA 	3 	11 	.346 	.437 	.596
Musial	1951 	Cardinals 152 	578 	124 	205 	30 	12 	32 	0 	108 	98 	NA 	40 	1 	NA 	1 	6 	.355 	.449 	.614
Musial	1952 	Cardinals 154 	578 	105 	194 	42 	6 	21 	0 	91 	96 	NA 	29 	0 	NA 	2 	11 	.336 	.432 	.538
Musial	1953 	Cardinals 157 	593 	127 	200 	53 	9 	30 	0 	113 	105 	NA 	32 	0 	NA 	0 	10 	.337 	.437 	.609
Musial	1954 	Cardinals 153 	591 	120 	195 	41 	9 	35 	1 	126 	103 	NA 	39 	0 	7 	4 	20 	.330 	.428 	.607
Musial	1955 	Cardinals 154 	562 	97 	179 	30 	5 	33 	1 	108 	80 	19 	39 	2 	4 	8 	12 	.319 	.408 	.566
Musial	1956 	Cardinals 156 	594 	87 	184 	33 	6 	27 	2 	109 	75 	15 	39 	3 	7 	3 	19 	.310 	.386 	.522
Musial	1957 	Cardinals 134 	502 	82 	176 	38 	3 	29 	1 	102 	66 	19 	34 	1 	8 	2 	13 	.351 	.422 	.612
Musial	1958 	Cardinals 135 	472 	64 	159 	35 	2 	17 	0 	62 	72 	26 	26 	0 	4 	1 	19 	.337 	.423 	.528
Musial	1959 	Cardinals 115 	341 	37 	87 	13 	2 	14 	0 	44 	60 	11 	25 	0 	3 	0 	12 	.255 	.364 	.428
Musial	1960 	Cardinals 116 	331 	49 	91 	17 	1 	17 	0 	63 	41 	7 	34 	0 	4 	2 	5 	.275 	.354 	.486
Musial	1961 	Cardinals 123 	372 	46 	107 	22 	4 	15 	1 	70 	52 	17 	35 	0 	6 	1 	7 	.288 	.371 	.489
Musial	1962 	Cardinals 135 	433 	57 	143 	18 	1 	19 	0 	82 	64 	4 	46 	0 	5 	3 	13 	.330 	.416 	.508
Musial	1963 	Cardinals 124 	337 	34 	86 	10 	2 	12 	0 	58 	35 	9 	43 	0 	5 	2 	3 	.255 	.325 	.404
Stargell	1962 	Pirates 	10 	31 	1 	9 	3 	1 	0 	0 	4 	3 	1 	10 	0 	0 	0 	0 	.290 	.353 	.452
Stargell	1963 	Pirates 	108 	304 	34 	74 	11 	6 	11 	0 	47 	19 	0 	85 	0 	3 	2 	6 	.243 	.290 	.428
Stargell	1964 	Pirates 	117 	421 	53 	115 	19 	7 	21 	0 	78 	17 	2 	92 	1 	1 	2 	7 	.273 	.304 	.501
Stargell	1965 	Pirates 	144 	533 	68 	145 	25 	8 	27 	2 	107 	39 	13 	127 	0 	3 	7 	8 	.272 	.328 	.501
Stargell	1966 	Pirates 	140 	485 	84 	153 	30 	0 	33 	0 	102 	48 	16 	109 	5 	5 	6 	7 	.315 	.381 	.581
Stargell	1967 	Pirates 	134 	462 	54 	125 	18 	6 	20 	0 	73 	67 	25 	103 	2 	2 	3 	12 	.271 	.365 	.465
Stargell	1968 	Pirates 	128 	435 	57 	103 	15 	1 	24 	0 	67 	47 	11 	105 	1 	7 	6 	12 	.237 	.315 	.441
Stargell	1969 	Pirates 	145 	522 	89 	160 	31 	6 	29 	1 	92 	61 	14 	120 	0 	5 	6 	10 	.307 	.382 	.556
Stargell	1970 	Pirates 	136 	474 	70 	125 	18 	3 	31 	1 	85 	44 	11 	119 	0 	6 	5 	14 	.264 	.329 	.511
Stargell	1971 	Pirates 	141 	511 	104 	151 	26 	0 	48 	2 	125 	83 	20 	154 	0 	5 	7 	8 	.295 	.398 	.628
Stargell	1972 	Pirates 	138 	495 	75 	145 	28 	2 	33 	1 	112 	65 	15 	129 	0 	7 	2 	7 	.293 	.373 	.558
Stargell	1973 	Pirates 	148 	522 	106 	156 	43 	3 	44 	1 	119 	80 	22 	129 	0 	4 	3 	6 	.299 	.392 	.646
Stargell	1974 	Pirates 	140 	508 	90 	153 	37 	4 	25 	1 	96 	87 	21 	106 	0 	4 	6 	8 	.301 	.407 	.537
Stargell	1975 	Pirates 	124 	461 	71 	136 	32 	2 	22 	0 	90 	58 	6 	109 	0 	4 	3 	9 	.295 	.375 	.516
Stargell	1976 	Pirates 	117 	428 	54 	110 	20 	3 	20 	1 	65 	50 	6 	101 	0 	4 	5 	4 	.257 	.339 	.458
Stargell	1977 	Pirates 	63 	186 	29 	51 	12 	0 	13 	0 	35 	31 	10 	55 	0 	2 	3 	4 	.274 	.383 	.548
Stargell	1978 	Pirates 	122 	390 	60 	115 	18 	2 	28 	1 	97 	50 	10 	93 	0 	3 	7 	8 	.295 	.382 	.567
Stargell	1979 	Pirates 	126 	424 	60 	119 	19 	0 	32 	0 	82 	47 	12 	105 	0 	6 	3 	10 	.281 	.352 	.552
Stargell	1980 	Pirates 	67 	202 	28 	53 	10 	1 	11 	0 	38 	26 	10 	52 	0 	1 	2 	2 	.262 	.351 	.485
Stargell	1981 	Pirates 	38 	60 	2 	17 	4 	0 	0 	0 	9 	5 	1 	9 	0 	1 	0 	0 	.283 	.333 	.350
Stargell	1982 	Pirates 	74 	73 	6 	17 	4 	0 	3 	0 	17 	10 	1 	24 	0 	2 	0 	1 	.233 	.318 	.411
Winfield	1973 	Padres 	56 	141 	9 	39 	4 	1 	3 	0 	12 	12 	1 	19 	0 	1 	0 	5 	.277 	.331 	.383
Winfield	1974 	Padres 	145 	498 	57 	132 	18 	4 	20 	0 	75 	40 	2 	96 	0 	5 	1 	14 	.265 	.318 	.438
Winfield	1975 	Padres 	143 	509 	74 	136 	20 	2 	15 	0 	76 	69 	14 	82 	3 	7 	3 	11 	.267 	.354 	.403
Winfield	1976 	Padres 	137 	492 	81 	139 	26 	4 	13 	2 	69 	65 	8 	78 	2 	5 	3 	14 	.283 	.366 	.431
Winfield	1977 	Padres 	157 	615 	104 	169 	29 	7 	25 	0 	92 	58 	10 	75 	0 	5 	0 	12 	.275 	.335 	.467
Winfield	1978 	Padres 	158 	587 	88 	181 	30 	5 	24 	1 	97 	55 	20 	81 	0 	5 	2 	13 	.308 	.367 	.499
Winfield	1979 	Padres 	159 	597 	97 	184 	27 	10 	34 	0 	118 	85 	24 	71 	0 	2 	2 	9 	.308 	.395 	.558
Winfield	1980 	Padres 	162 	558 	89 	154 	25 	6 	20 	0 	87 	79 	14 	83 	0 	4 	2 	13 	.276 	.365 	.450
Winfield	1981 	Yankees 	105 	388 	52 	114 	25 	1 	13 	0 	68 	43 	3 	41 	1 	7 	1 	13 	.294 	.360 	.464
Winfield	1982 	Yankees 	140 	539 	84 	151 	24 	8 	37 	1 	106 	45 	7 	64 	5 	8 	0 	20 	.280 	.331 	.560
Winfield	1983 	Yankees 	152 	598 	99 	169 	26 	8 	32 	0 	116 	58 	2 	77 	0 	6 	2 	30 	.283 	.345 	.513
Winfield	1984 	Yankees 	141 	567 	106 	193 	34 	4 	19 	1 	100 	53 	9 	71 	0 	6 	0 	14 	.340 	.393 	.515
Winfield	1985 	Yankees 	155 	633 	105 	174 	34 	6 	26 	0 	114 	52 	8 	96 	0 	4 	0 	17 	.275 	.328 	.471
Winfield	1986 	Yankees 	154 	565 	90 	148 	31 	5 	24 	1 	104 	77 	9 	106 	2 	6 	2 	20 	.262 	.349 	.462
Winfield	1987 	Yankees 	156 	575 	83 	158 	22 	1 	27 	1 	97 	76 	5 	96 	1 	3 	0 	20 	.275 	.358 	.457
Winfield	1988 	Yankees 	149 	559 	96 	180 	37 	2 	25 	1 	107 	69 	10 	88 	0 	1 	2 	19 	.322 	.398 	.530
Winfield	1990 	Yankees 	20 	61 	7 	13 	3 	0 	2 	0 	6 	4 	0 	13 	0 	1 	1 	2 	.213 	.269 	.361
Winfield	1990 	Angels 	112 	414 	63 	114 	18 	2 	19 	0 	72 	48 	3 	68 	1 	6 	1 	15 	.275 	.348 	.466
Winfield	1991 	Angels 	150 	568 	75 	149 	27 	4 	28 	1 	86 	56 	4 	109 	2 	6 	1 	21 	.262 	.326 	.472
Winfield	1992 	BlueJays 	156 	583 	92 	169 	33 	3 	26 	1 	108 	82 	10 	89 	1 	3 	1 	10 	.290 	.377 	.491
Winfield	1993 	Twins 	143 	547 	72 	148 	27 	2 	21 	1 	76 	45 	2 	106 	0 	2 	0 	15 	.271 	.325 	.442
Winfield	1994 	Twins 	77 	294 	35 	74 	15 	3 	10 	0 	43 	31 	5 	51 	1 	2 	0 	7 	.252 	.321 	.425
Winfield	1995 	Indians 	46 	115 	11 	22 	5 	0 	2 	0 	4 	14 	2 	26 	0 	0 	1 	5 	.191 	.285 	.287
Canseco	1985 	Athletics 	29 	96 	16 	29 	3 	0 	5 	0 	13 	4 	0 	31 	0 	0 	0 	1 	.302 	.330 	.490
Canseco	1986 	Athletics 	157 	600 	85 	144 	29 	1 	33 	0 	117 	65 	1 	175 	0 	9 	8 	12 	.240 	.318 	.457
Canseco	1987 	Athletics 	159 	630 	81 	162 	35 	3 	31 	0 	113 	50 	2 	157 	0 	9 	2 	16 	.257 	.310 	.470
Canseco	1988 	Athletics 	158 	610 	120 	187 	34 	0 	42 	0 	124 	78 	10 	128 	1 	6 	10 	15 	.307 	.391 	.569
Canseco	1989 	Athletics 	65 	227 	40 	61 	9 	1 	17 	0 	57 	23 	4 	69 	0 	6 	2 	4 	.269 	.333 	.542
Canseco	1990 	Athletics 	131 	481 	83 	132 	14 	2 	37 	1 	101 	72 	8 	158 	0 	5 	5 	9 	.274 	.371 	.543
Canseco	1991 	Athletics 	154 	572 	115 	152 	32 	1 	44 	2 	122 	78 	7 	152 	0 	6 	9 	16 	.266 	.359 	.556
Canseco	1992 	Athletics 	97 	366 	66 	90 	11 	0 	22 	1 	72 	48 	1 	104 	0 	4 	3 	15 	.246 	.335 	.456
Canseco	1992 	Rangers 	22 	73 	8 	17 	4 	0 	4 	0 	15 	15 	1 	24 	0 	0 	3 	1 	.233 	.385 	.452
Canseco	1993 	Rangers 	60 	231 	30 	59 	14 	1 	10 	0 	46 	16 	2 	62 	0 	3 	3 	6 	.255 	.308 	.455
Canseco	1994 	Rangers 	111 	429 	88 	121 	19 	2 	31 	0 	90 	69 	8 	114 	0 	2 	5 	20 	.282 	.386 	.552
Canseco	1995 	RedSox 	102 	396 	64 	121 	25 	1 	24 	0 	81 	42 	4 	93 	0 	5 	7 	9 	.306 	.378 	.556
Canseco	1996 	RedSox 	96 	360 	68 	104 	22 	1 	28 	1 	82 	63 	3 	82 	0 	3 	6 	7 	.289 	.400 	.589
Canseco	1997 	Athletics 	108 	388 	56 	91 	19 	0 	23 	0 	74 	51 	1 	122 	0 	4 	3 	15 	.235 	.325 	.461
Canseco	1998 	BlueJays 	151 	583 	98 	138 	26 	0 	46 	1 	107 	65 	5 	159 	0 	4 	6 	7 	.237 	.318 	.518
Canseco	1999 	DevilRays 113  430  75 	120 	18 	1 	34 	0 	95 	58 	3 	135 	0 	7 	7 	14 	.279 	.369 	.563
Canseco	2000 	DevilRays 61 	218 	31 	56 	15 	0 	9 	0 	30 	41 	1 	65 	0 	1 	4 	5 	.257 	.383 	.450
Canseco	2000 	Yankees 	37 	111 	16 	27 	3 	0 	6 	0 	19 	23 	1 	37 	0 	3 	0 	2 	.243 	.365 	.432
Canseco	2001 	CWS 	76 	256 	46 	66 	8 	0 	16 	0 	49 	45 	1 	75 	0 	4 	1 	4 	.258 	.366 	.477
Yaz		1961 	RedSox 	148 	583 	71 	155 	31 	6 	11 	0 	80 	50 	3 	96 	2 	5 	3 	19 	.266 	.324 	.396
Yaz		1962 	RedSox 	160 	646 	99 	191 	43 	6 	19 	0 	94 	66 	7 	82 	2 	2 	3 	27 	.296 	.363 	.469
Yaz		1963 	RedSox 	151 	570 	91 	183 	40 	3 	14 	0 	68 	95 	6 	72 	1 	1 	1 	12 	.321 	.418 	.475
Yaz		1964 	RedSox 	151 	567 	77 	164 	29 	9 	15 	1 	67 	75 	6 	90 	1 	1 	2 	30 	.289 	.374 	.451
Yaz		1965 	RedSox 	133 	494 	78 	154 	45 	3 	20 	0 	72 	70 	8 	58 	2 	4 	1 	16 	.312 	.395 	.536
Yaz		1966 	RedSox 	160 	594 	81 	165 	39 	2 	16 	0 	80 	84 	10 	60 	0 	1 	1 	17 	.278 	.368 	.431
Yaz		1967 	RedSox 	161 	579 	112 	189 	31 	4 	44 	0 	121 	91 	11 	69 	1 	5 	4 	5 	.326 	.418 	.622
Yaz		1968 	RedSox 	157 	539 	90 	162 	32 	2 	23 	0 	74 	119 	13 	90 	0 	4 	2 	12 	.301 	.426 	.495
Yaz		1969 	RedSox 	162 	603 	96 	154 	28 	2 	40 	3 	111 	101 	9 	91 	0 	2 	1 	14 	.255 	.362 	.507
Yaz		1970 	RedSox 	161 	566 	125 	186 	29 	0 	40 	0 	102 	128 	12 	66 	0 	2 	1 	12 	.329 	.452 	.592
Yaz		1971 	RedSox 	148 	508 	75 	129 	21 	2 	15 	0 	70 	106 	12 	60 	0 	5 	1 	14 	.254 	.381 	.392
Yaz		1972 	RedSox 	125 	455 	70 	120 	18 	2 	12 	0 	68 	67 	3 	44 	0 	9 	4 	13 	.264 	.357 	.391
Yaz		1973 	RedSox 	152 	540 	82 	160 	25 	4 	19 	1 	95 	105 	13 	58 	1 	6 	0 	19 	.296 	.407 	.463
Yaz		1974 	RedSox 	148 	515 	93 	155 	25 	2 	15 	0 	79 	104 	16 	48 	0 	11 	3 	12 	.301 	.414 	.445
Yaz		1975 	RedSox 	149 	543 	91 	146 	30 	1 	14 	1 	60 	87 	12 	67 	0 	2 	2 	14 	.269 	.371 	.405
Yaz		1976 	RedSox 	155 	546 	71 	146 	23 	2 	21 	0 	102 	80 	6 	67 	1 	8 	1 	12 	.267 	.357 	.432
Yaz		1977 	RedSox 	150 	558 	99 	165 	27 	3 	28 	0 	102 	73 	6 	40 	0 	11 	1 	10 	.296 	.372 	.505
Yaz		1978 	RedSox 	144 	523 	70 	145 	21 	2 	17 	0 	81 	76 	8 	44 	1 	8 	3 	9 	.277 	.367 	.423
Yaz		1979 	RedSox 	147 	518 	69 	140 	28 	1 	21 	1 	87 	62 	8 	46 	0 	8 	2 	12 	.270 	.346 	.450
Yaz		1980 	RedSox 	105 	364 	49 	100 	21 	1 	15 	0 	50 	44 	5 	38 	1 	3 	0 	9 	.275 	.350 	.462
Yaz		1981 	RedSox 	91 	338 	36 	83 	14 	1 	7 	0 	53 	49 	4 	28 	0 	3 	0 	10 	.246 	.338 	.355
Yaz		1982 	RedSox 	131 	459 	53 	126 	22 	1 	16 	0 	72 	59 	1 	50 	0 	3 	2 	12 	.275 	.358 	.431
Yaz		1983 	RedSox 	119 	380 	38 	101 	24 	0 	10 	0 	56 	54 	11 	29 	0 	1 	2 	13 	.266 	.359 	.408
Bagwell	1991 	Astros 	156 	554 	79 	163 	26 	4 	15 	0 	82 	75 	5 	116 	1 	7 	13 	12 	.294 	.387 	.437
Bagwell	1992 	Astros 	162 	586 	87 	160 	34 	6 	18 	0 	96 	84 	13 	97 	2 	13 	12 	17 	.273 	.368 	.444
Bagwell	1993 	Astros 	142 	535 	76 	171 	37 	4 	20 	0 	88 	62 	6 	73 	0 	9 	3 	20 	.320 	.388 	.516
Bagwell	1994 	Astros 	110 	400 	104 	147 	32 	2 	39 	0 	116 	65 	14 	65 	0 	10 	4 	12 	.368 	.451 	.750
Bagwell	1995 	Astros 	114 	448 	88 	130 	29 	0 	21 	0 	87 	79 	12 	102 	0 	6 	6 	9 	.290 	.399 	.496
Bagwell	1996 	Astros 	162 	568 	111 	179 	48 	2 	31 	0 	120 	135 	20 	114 	0 	6 	10 	15 	.315 	.451 	.570
Bagwell	1997 	Astros 	162 	566 	109 	162 	40 	2 	43 	0 	135 	127 	27 	122 	0 	8 	16 	10 	.286 	.425 	.592
Bagwell	1998 	Astros 	147 	540 	124 	164 	33 	1 	34 	1 	111 	109 	8 	90 	0 	5 	7 	14 	.304 	.424 	.557
Bagwell	1999 	Astros 	162 	562 	143 	171 	35 	0 	42 	1 	126 	149 	16 	127 	0 	7 	11 	18 	.304 	.454 	.591
Bagwell	2000 	Astros 	159 	590 	152 	183 	37 	1 	47 	1 	132 	107 	11 	116 	0 	7 	15 	19 	.310 	.424 	.615
Bagwell	2001 	Astros 	161 	600 	126 	173 	43 	4 	39 	2 	130 	106 	5 	135 	0 	5 	6 	20 	.288 	.397 	.568
Bagwell	2002 	Astros 	158 	571 	94 	166 	33 	2 	31 	0 	98 	101 	8 	130 	0 	9 	10 	16 	.291 	.401 	.518
Bagwell	2003 	Astros 	160 	605 	109 	168 	28 	2 	39 	0 	100 	88 	3 	119 	0 	3 	6 	25 	.278 	.373 	.524
Bagwell	2004 	Astros 	156 	572 	104 	152 	29 	2 	27 	1 	89 	96 	6 	131 	0 	3 	8 	12 	.266 	.377 	.465
Bagwell	2005 	Astros 	39 	100 	11 	25 	4 	0 	3 	0 	19 	18 	1 	21 	0 	4 	1 	2 	.250 	.358 	.380
Sheffield	1988 	Brewers 	24 	80 	12 	19 	1 	0 	4 	0 	12 	7 	0 	7 	1 	1 	0 	5 	.238 	.295 	.400
Sheffield	1989 	Brewers 	95 	368 	34 	91 	18 	0 	5 	0 	32 	27 	0 	33 	3 	3 	4 	4 	.247 	.303 	.337
Sheffield	1990 	Brewers 	125 	487 	67 	143 	30 	1 	10 	0 	67 	44 	1 	41 	4 	9 	3 	11 	.294 	.350 	.421
Sheffield	1991 	Brewers 	50 	175 	25 	34 	12 	2 	2 	0 	22 	19 	1 	15 	1 	5 	3 	3 	.194 	.277 	.320
Sheffield	1992 	Padres 	146 	557 	87 	184 	34 	3 	33 	2 	100 	48 	5 	40 	0 	7 	6 	19 	.330 	.385 	.580
Sheffield	1993 	Padres 	68 	258 	34 	76 	12 	2 	10 	0 	36 	18 	0 	30 	0 	3 	3 	9 	.295 	.344 	.473
Sheffield	1993 	Marlins 	72 	236 	33 	69 	8 	3 	10 	0 	37 	29 	6 	34 	0 	4 	6 	2 	.292 	.378 	.479
Sheffield	1994 	Marlins 	87 	322 	61 	89 	16 	1 	27 	0 	78 	51 	11 	50 	0 	5 	6 	10 	.276 	.380 	.584
Sheffield	1995 	Marlins 	63 	213 	46 	69 	8 	0 	16 	1 	46 	55 	8 	45 	0 	2 	4 	3 	.324 	.467 	.587
Sheffield	1996 	Marlins 	161 	519 	118 	163 	33 	1 	42 	0 	120 	142 	19 	66 	0 	6 	10 	16 	.314 	.465 	.624
Sheffield	1997 	Marlins 	135 	444 	86 	111 	22 	1 	21 	2 	71 	121 	11 	79 	0 	2 	15 	7 	.250 	.424 	.446
Sheffield	1998 	Marlins 	40 	136 	21 	37 	11 	1 	6 	0 	28 	26 	1 	16 	0 	2 	2 	3 	.272 	.392 	.500
Sheffield	1998 	Dodgers 	90 	301 	52 	95 	16 	1 	16 	0 	57 	69 	11 	30 	0 	7 	6 	4 	.316 	.444 	.535
Sheffield	1999 	Dodgers 	152 	549 	103 	165 	20 	0 	34 	1 	101 	101 	4 	64 	0 	9 	4 	10 	.301 	.407 	.523
Sheffield	2000 	Dodgers 	141 	501 	105 	163 	24 	3 	43 	1 	109 	101 	7 	71 	0 	6 	4 	13 	.325 	.438 	.643
Sheffield	2001 	Dodgers 	143 	515 	98 	160 	28 	2 	36 	0 	100 	94 	13 	67 	0 	5 	4 	12 	.311 	.417 	.583
Sheffield	2002 	Braves 	135 	492 	82 	151 	26 	0 	25 	1 	84 	72 	2 	53 	0 	4 	11 	16 	.307 	.404 	.512
Sheffield	2003 	Braves 	155 	576 	126 	190 	37 	2 	39 	1 	132 	86 	6 	55 	0 	8 	8 	16 	.330 	.419 	.604
Sheffield	2004 	Yankees 	154 	573 	117 	166 	30 	1 	36 	0 	121 	92 	7 	83 	0 	8 	11 	16 	.290 	.393 	.534
Sheffield	2005 	Yankees 	154 	584 	104 	170 	27 	0 	34 	2 	123 	78 	7 	76 	0 	5 	8 	11 	.291 	.379 	.512
Thomas	1990 	CWS 	60 	191 	39 	63 	11 	3 	7 	0 	31 	44 	0 	54 	0 	3 	2 	5 	.330 	.454 	.529
Thomas	1991 	CWS 	158 	559 	104 	178 	31 	2 	32 	1 	109 	138 	13 	112 	0 	2 	1 	20 	.318 	.453 	.553
Thomas	1992 	CWS 	160 	573 	108 	185 	46 	2 	24 	0 	115 	122 	6 	88 	0 	11 	5 	19 	.323 	.439 	.536
Thomas	1993 	CWS 	153 	549 	106 	174 	36 	0 	41 	1 	128 	112 	23 	54 	0 	13 	2 	10 	.317 	.426 	.607
Thomas	1994 	CWS 	113 	399 	106 	141 	34 	1 	38 	1 	101 	109 	12 	61 	0 	7 	2 	15 	.353 	.487 	.729
Thomas	1995 	CWS 	145 	493 	102 	152 	27 	0 	40 	0 	111 	136 	29 	74 	0 	12 	6 	14 	.308 	.454 	.606
Thomas	1996 	CWS 	141 	527 	110 	184 	26 	0 	40 	1 	134 	109 	26 	70 	0 	8 	5 	25 	.349 	.459 	.626
Thomas	1997 	CWS 	146 	530 	110 	184 	35 	0 	35 	0 	125 	109 	9 	69 	0 	7 	3 	15 	.347 	.456 	.611
Thomas	1998 	CWS 	160 	585 	109 	155 	35 	2 	29 	1 	109 	110 	2 	93 	0 	11 	6 	14 	.265 	.381 	.480
Thomas	1999 	CWS 	135 	486 	74 	148 	36 	0 	15 	0 	77 	87 	13 	66 	0 	8 	9 	14 	.305 	.414 	.471
Thomas	2000 	CWS 	159 	582 	115 	191 	44 	0 	43 	2 	143 	112 	18 	94 	0 	8 	5 	13 	.328 	.436 	.625
Thomas	2001 	CWS 	20 	68 	8 	15 	3 	0 	4 	0 	10 	10 	2 	12 	0 	1 	0 	0 	.221 	.316 	.441
Thomas	2002 	CWS 	148 	523 	77 	132 	29 	1 	28 	0 	92 	88 	2 	115 	0 	10 	7 	10 	.252 	.361 	.472
Thomas	2003 	CWS 	153 	546 	87 	146 	35 	0 	42 	1 	105 	100 	4 	115 	0 	4 	12 	11 	.267 	.390 	.562
Thomas	2004 	CWS 	74 	240 	53 	65 	16 	0 	18 	0 	49 	64 	3 	57 	0 	1 	6 	2 	.271 	.434 	.563
Thomas	2005 	CWS 	34 	105 	19 	23 	3 	0 	12 	0 	26 	16 	0 	31 	0 	3 	0 	2 	.219 	.315 	.590
Kingman	1971 	Giants 	41 	115 	17 	32 	10 	2 	6 	1 	24 	9 	0 	35 	0 	3 	1 	2 	.278 	.328 	.557
Kingman	1972 	Giants 	135 	472 	65 	106 	17 	4 	29 	1 	83 	51 	2 	140 	0 	4 	4 	9 	.225 	.303 	.462
Kingman	1973 	Giants 	112 	305 	54 	62 	10 	1 	24 	1 	55 	41 	3 	122 	1 	2 	2 	8 	.203 	.300 	.479
Kingman	1974 	Giants 	121 	350 	41 	78 	18 	2 	18 	0 	55 	37 	2 	125 	2 	1 	3 	8 	.223 	.302 	.440
Kingman	1975 	Mets 	134 	502 	65 	116 	22 	1 	36 	1 	88 	34 	5 	153 	1 	2 	4 	13 	.231 	.284 	.494
Kingman	1976 	Mets 	123 	474 	70 	113 	14 	1 	37 	0 	86 	28 	4 	135 	0 	3 	5 	11 	.238 	.286 	.506
Kingman	1977 	Mets 	58 	211 	22 	44 	7 	0 	9 	0 	28 	13 	3 	66 	0 	1 	3 	3 	.209 	.263 	.370
Kingman	1977 	Padres 	56 	168 	16 	40 	9 	0 	11 	2 	39 	12 	1 	48 	2 	3 	2 	3 	.238 	.292 	.488
Kingman	1977 	Angels 	10 	36 	4 	7 	2 	0 	2 	0 	4 	1 	0 	16 	1 	0 	1 	0 	.194 	.237 	.417
Kingman	1977 	Yankees 	8 	24 	5 	6 	2 	0 	4 	0 	7 	2 	0 	13 	0 	0 	1 	0 	.250 	.333 	.833
Kingman	1978 	Cubs 	119 	395 	65 	105 	17 	4 	28 	1 	79 	39 	8 	111 	2 	6 	6 	3 	.266 	.336 	.542
Kingman	1979 	Cubs 	145 	532 	97 	153 	19 	5 	48 	1 	115 	45 	7 	131 	0 	8 	4 	7 	.288 	.343 	.613
Kingman	1980 	Cubs 	81 	255 	31 	71 	8 	0 	18 	1 	57 	21 	3 	44 	0 	4 	0 	10 	.278 	.329 	.522
Kingman	1981 	Mets 	100 	353 	40 	78 	11 	3 	22 	2 	59 	55 	7 	105 	1 	2 	1 	9 	.221 	.326 	.456
Kingman	1982 	Mets 	149 	535 	80 	109 	9 	1 	37 	0 	99 	59 	9 	156 	3 	6 	4 	11 	.204 	.285 	.432
Kingman	1983 	Mets 	100 	248 	25 	49 	7 	0 	13 	0 	29 	22 	1 	57 	1 	1 	1 	2 	.198 	.265 	.383
Kingman	1984 	Athletics 	147 	549 	68 	147 	23 	1 	35 	3 	118 	44 	8 	119 	0 	14 	6 	7 	.268 	.321 	.505
Kingman	1985 	Athletics 	158 	592 	66 	141 	16 	0 	30 	1 	91 	62 	6 	114 	2 	8 	2 	17 	.238 	.309 	.417
Kingman	1986 	Athletics 	144 	561 	70 	118 	19 	0 	35 	1 	94 	33 	3 	126 	0 	7 	3 	16 	.210 	.255 	.431
Dawson	1976 	Expos 	24 	85 	9 	20 	4 	1 	0 	0 	7 	5 	1 	13 	2 	0 	0 	0 	.235 	.278 	.306
Dawson	1977 	Expos 	139 	525 	64 	148 	26 	9 	19 	0 	65 	34 	4 	93 	1 	4 	2 	6 	.282 	.326 	.474
Dawson	1978 	Expos 	157 	609 	84 	154 	24 	8 	25 	0 	72 	30 	3 	128 	4 	5 	12 	7 	.253 	.299 	.442
Dawson	1979 	Expos 	155 	639 	90 	176 	24 	12 	25 	0 	92 	27 	5 	115 	8 	4 	6 	10 	.275 	.309 	.468
Dawson	1980 	Expos 	151 	577 	96 	178 	41 	7 	17 	0 	87 	44 	7 	69 	1 	10 	6 	9 	.308 	.358 	.492
Dawson	1981 	Expos 	103 	394 	71 	119 	21 	3 	24 	1 	64 	35 	14 	50 	0 	5 	7 	6 	.302 	.365 	.553
Dawson	1982 	Expos 	148 	608 	107 	183 	37 	7 	23 	0 	83 	34 	4 	96 	4 	6 	8 	8 	.301 	.343 	.498
Dawson	1983 	Expos 	159 	633 	104 	189 	36 	10 	32 	0 	113 	38 	12 	81 	0 	18 	9 	14 	.299 	.338 	.539
Dawson	1984 	Expos 	138 	533 	73 	132 	23 	6 	17 	0 	86 	41 	2 	80 	1 	6 	2 	12 	.248 	.301 	.409
Dawson	1985 	Expos 	139 	529 	65 	135 	27 	2 	23 	1 	91 	29 	8 	92 	1 	7 	4 	12 	.255 	.295 	.444
Dawson	1986 	Expos 	130 	496 	65 	141 	32 	2 	20 	0 	78 	37 	11 	79 	1 	6 	6 	13 	.284 	.338 	.478
Dawson	1987 	Cubs 	153 	621 	90 	178 	24 	2 	49 	2 	137 	32 	7 	103 	0 	2 	7 	15 	.287 	.328 	.568
Dawson	1988 	Cubs 	157 	591 	78 	179 	31 	8 	24 	0 	79 	37 	12 	73 	1 	7 	4 	13 	.303 	.344 	.504
Dawson	1989 	Cubs 	118 	416 	62 	105 	18 	6 	21 	0 	77 	35 	13 	62 	0 	7 	1 	16 	.252 	.307 	.476
Dawson	1990 	Cubs 	147 	529 	72 	164 	28 	5 	27 	0 	100 	42 	21 	65 	0 	8 	2 	12 	.310 	.358 	.535
Dawson	1991 	Cubs 	149 	563 	69 	153 	21 	4 	31 	2 	104 	22 	3 	80 	0 	6 	5 	10 	.272 	.302 	.488
Dawson	1992 	Cubs 	143 	542 	60 	150 	27 	2 	22 	0 	90 	30 	8 	70 	0 	6 	4 	13 	.277 	.316 	.456
Dawson	1993 	RedSox 	121 	461 	44 	126 	29 	1 	13 	0 	67 	17 	4 	49 	0 	7 	13 	18 	.273 	.313 	.425
Dawson	1994 	RedSox 	75 	292 	34 	70 	18 	0 	16 	0 	48 	9 	3 	53 	0 	1 	4 	15 	.240 	.271 	.466
Dawson	1995 	Marlins 	79 	226 	30 	58 	10 	3 	8 	1 	37 	9 	1 	45 	0 	3 	8 	7 	.257 	.305 	.434
Dawson	1996 	Marlins 	42 	58 	6 	16 	2 	0 	2 	0 	14 	2 	0 	13 	0 	0 	1 	1 	.276 	.311 	.414
Ramirez	1993 	Indians 	22 	53 	5 	9 	1 	0 	2 	0 	5 	2 	0 	8 	0 	0 	0 	3 	.170 	.200 	.302
Ramirez	1994 	Indians 	91 	290 	51 	78 	22 	0 	17 	0 	60 	42 	4 	72 	0 	4 	0 	6 	.269 	.357 	.521
Ramirez	1995 	Indians 	137 	484 	85 	149 	26 	1 	31 	1 	107 	75 	6 	112 	2 	5 	5 	13 	.308 	.402 	.558
Ramirez	1996 	Indians 	152 	550 	94 	170 	45 	3 	33 	3 	112 	85 	8 	104 	0 	9 	3 	18 	.309 	.399 	.582
Ramirez	1997 	Indians 	150 	561 	99 	184 	40 	0 	26 	2 	88 	79 	5 	115 	0 	4 	7 	19 	.328 	.415 	.538
Ramirez	1998 	Indians 	150 	571 	108 	168 	35 	2 	45 	2 	145 	76 	6 	121 	0 	10 	6 	18 	.294 	.377 	.599
Ramirez	1999 	Indians 	147 	522 	131 	174 	34 	3 	44 	2 	165 	96 	9 	131 	0 	9 	13 	12 	.333 	.442 	.663
Ramirez	2000 	Indians 	118 	439 	92 	154 	34 	2 	38 	3 	122 	86 	9 	117 	0 	4 	3 	9 	.351 	.457 	.697
Ramirez	2001 	RedSox 	142 	529 	93 	162 	33 	2 	41 	1 	125 	81 	25 	147 	0 	2 	8 	9 	.306 	.405 	.609
Ramirez	2002 	RedSox 	120 	436 	84 	152 	31 	0 	33 	1 	107 	73 	14 	85 	0 	1 	8 	13 	.349 	.450 	.647
Ramirez	2003 	RedSox 	154 	569 	117 	185 	36 	1 	37 	0 	104 	97 	28 	94 	0 	5 	8 	22 	.325 	.427 	.587
Ramirez	2004 	RedSox 	152 	568 	108 	175 	44 	0 	43 	2 	130 	82 	15 	124 	0 	7 	6 	17 	.308 	.397 	.613
Ramirez	2005 	RedSox 	152 	554 	112 	162 	30 	1 	45 	3 	144 	80 	9 	119 	0 	6 	10 	20 	.292 	.388 	.594
Gonzalez	1989 	Rangers 	24 	60 	6 	9 	3 	0 	1 	0 	7 	6 	0 	17 	2 	0 	0 	4 	.150 	.227 	.250
Gonzalez	1990 	Rangers 	25 	90 	11 	26 	7 	1 	4 	0 	12 	2 	0 	18 	0 	1 	2 	2 	.289 	.316 	.522
Gonzalez	1991 	Rangers 	142 	545 	78 	144 	34 	1 	27 	1 	102 	42 	7 	118 	0 	3 	5 	10 	.264 	.321 	.479
Gonzalez	1992 	Rangers 	155 	584 	77 	152 	24 	2 	43 	0 	109 	35 	1 	143 	0 	8 	5 	16 	.260 	.304 	.529
Gonzalez	1993 	Rangers 	140 	536 	105 	166 	33 	1 	46 	1 	118 	37 	7 	99 	0 	1 	13 	12 	.310 	.368 	.632
Gonzalez	1994 	Rangers 	107 	422 	57 	116 	18 	4 	19 	1 	85 	30 	10 	66 	0 	4 	7 	18 	.275 	.330 	.472
Gonzalez	1995 	Rangers 	90 	352 	57 	104 	20 	2 	27 	1 	82 	17 	3 	66 	0 	5 	0 	15 	.295 	.324 	.594
Gonzalez	1996 	Rangers 	134 	541 	89 	170 	33 	2 	47 	0 	144 	45 	12 	82 	0 	3 	3 	10 	.314 	.368 	.643
Gonzalez	1997 	Rangers 	133 	533 	87 	158 	24 	3 	42 	1 	131 	33 	7 	107 	0 	10 	3 	12 	.296 	.335 	.589
Gonzalez	1998 	Rangers 	154 	606 	110 	193 	50 	2 	45 	2 	157 	46 	9 	126 	0 	11 	6 	20 	.318 	.366 	.630
Gonzalez	1999 	Rangers 	144 	562 	114 	183 	36 	1 	39 	0 	128 	51 	7 	105 	0 	12 	4 	10 	.326 	.378 	.601
Gonzalez	2000 	Tigers 	115 	461 	69 	133 	30 	2 	22 	0 	67 	32 	3 	84 	0 	1 	2 	13 	.289 	.337 	.505
Gonzalez	2001 	Indians 	140 	532 	97 	173 	34 	1 	35 	1 	140 	41 	5 	94 	0 	16 	6 	18 	.325 	.370 	.590
Gonzalez	2002 	Rangers 	70 	277 	38 	78 	21 	1 	8 	0 	35 	17 	1 	56 	0 	1 	1 	11 	.282 	.324 	.451
Gonzalez	2003 	Rangers 	82 	327 	49 	96 	17 	1 	24 	0 	70 	14 	1 	73 	0 	1 	4 	10 	.294 	.329 	.572
Gonzalez	2004 	Royals 	33 	127 	17 	35 	4 	1 	5 	0 	17 	9 	1 	19 	0 	1 	1 	3 	.276 	.326 	.441
Gonzalez	2005 	Indians 	1 	1 	0 	0 	0 	0 	0 	0 	0 	0 	0 	0 	0 	0 	0 	0 	.000 	.000 	.000
RipkenJr	1981 	Orioles 	23 	39 	1 	5 	0 	0 	0 	0 	0 	1 	0 	8 	0 	0 	0 	4 	.128 	.150 	.128
RipkenJr	1982 	Orioles 	160 	598 	90 	158 	32 	5 	28 	1 	93 	46 	3 	95 	2 	6 	3 	16 	.264 	.317 	.475
RipkenJr	1983 	Orioles 	162 	663 	121 	211 	47 	2 	27 	1 	102 	58 	0 	97 	0 	5 	0 	24 	.318 	.371 	.517
RipkenJr	1984 	Orioles 	162 	641 	103 	195 	37 	7 	27 	0 	86 	71 	1 	89 	0 	2 	2 	16 	.304 	.374 	.510
RipkenJr	1985 	Orioles 	161 	642 	116 	181 	32 	5 	26 	0 	110 	67 	1 	68 	0 	8 	1 	32 	.282 	.347 	.469
RipkenJr	1986 	Orioles 	162 	627 	98 	177 	35 	1 	25 	0 	81 	70 	5 	60 	0 	6 	4 	19 	.282 	.355 	.461
RipkenJr	1987 	Orioles 	162 	624 	97 	157 	28 	3 	27 	0 	98 	81 	0 	77 	0 	11 	1 	19 	.252 	.333 	.436
RipkenJr	1988 	Orioles 	161 	575 	87 	152 	25 	1 	23 	0 	81 	102 	7 	69 	0 	10 	2 	10 	.264 	.372 	.431
RipkenJr	1989 	Orioles 	162 	646 	80 	166 	30 	0 	21 	0 	93 	57 	5 	72 	0 	6 	3 	22 	.257 	.317 	.401
RipkenJr	1990 	Orioles 	161 	600 	78 	150 	28 	4 	21 	0 	84 	82 	18 	66 	1 	7 	5 	12 	.250 	.341 	.415
RipkenJr	1991 	Orioles 	162 	650 	99 	210 	46 	5 	34 	0 	114 	53 	15 	46 	0 	9 	5 	19 	.323 	.374 	.566
RipkenJr	1992 	Orioles 	162 	637 	73 	160 	29 	1 	14 	0 	72 	64 	14 	50 	0 	7 	7 	13 	.251 	.323 	.366
RipkenJr	1993 	Orioles 	162 	641 	87 	165 	26 	3 	24 	0 	90 	65 	19 	58 	0 	6 	6 	17 	.257 	.329 	.420
RipkenJr	1994 	Orioles 	112 	444 	71 	140 	19 	3 	13 	1 	75 	32 	3 	41 	0 	4 	4 	17 	.315 	.364 	.459
RipkenJr	1995 	Orioles 	144 	550 	71 	144 	33 	2 	17 	1 	88 	52 	6 	59 	1 	8 	2 	15 	.262 	.324 	.422
RipkenJr	1996 	Orioles 	163 	640 	94 	178 	40 	1 	26 	1 	102 	59 	3 	78 	0 	4 	4 	28 	.278 	.341 	.466
RipkenJr	1997 	Orioles 	162 	615 	79 	166 	30 	0 	17 	2 	84 	56 	3 	73 	0 	10 	5 	19 	.270 	.331 	.402
RipkenJr	1998 	Orioles 	161 	601 	65 	163 	27 	1 	14 	1 	61 	51 	0 	68 	1 	2 	4 	9 	.271 	.331 	.389
RipkenJr	1999 	Orioles 	86 	332 	51 	113 	27 	0 	18 	0 	57 	13 	3 	31 	3 	3 	3 	14 	.340 	.368 	.584
RipkenJr	2000 	Orioles 	83 	309 	43 	79 	16 	0 	15 	0 	56 	23 	0 	37 	0 	4 	3 	10 	.256 	.310 	.453
RipkenJr	2001 	Orioles 	128 	477 	43 	114 	16 	0 	14 	0 	68 	26 	1 	63 	2 	9 	2 	15 	.239 	.276 	.361
Thome	1991 	Indians 	27 	98 	7 	25 	4 	2 	1 	0 	9 	5 	1 	16 	0 	0 	1 	4 	.255 	.298 	.367
Thome	1992 	Indians 	40 	117 	8 	24 	3 	1 	2 	0 	12 	10 	2 	34 	0 	2 	2 	3 	.205 	.275 	.299
Thome	1993 	Indians 	47 	154 	28 	41 	11 	0 	7 	0 	22 	29 	1 	36 	0 	5 	4 	3 	.266 	.385 	.474
Thome	1994 	Indians 	98 	321 	58 	86 	20 	1 	20 	0 	52 	46 	5 	84 	1 	1 	0 	11 	.268 	.359 	.523
Thome	1995 	Indians 	137 	452 	92 	142 	29 	3 	25 	0 	73 	97 	3 	113 	0 	3 	5 	8 	.314 	.438 	.558
Thome	1996 	Indians 	151 	505 	122 	157 	28 	5 	38 	1 	116 	123 	8 	141 	0 	2 	6 	13 	.311 	.450 	.612
Thome	1997 	Indians 	147 	496 	104 	142 	25 	0 	40 	1 	102 	120 	9 	146 	0 	8 	3 	9 	.286 	.423 	.579
Thome	1998 	Indians 	123 	440 	89 	129 	34 	2 	30 	0 	85 	89 	8 	141 	0 	4 	4 	7 	.293 	.413 	.584
Thome	1999 	Indians 	146 	494 	101 	137 	27 	2 	33 	3 	108 	127 	13 	171 	0 	4 	4 	6 	.277 	.426 	.540
Thome	2000 	Indians 	158 	557 	106 	150 	33 	1 	37 	0 	106 	118 	4 	171 	0 	5 	4 	8 	.269 	.398 	.531
Thome	2001 	Indians 	156 	526 	101 	153 	26 	1 	49 	0 	124 	111 	13 	185 	0 	3 	4 	9 	.291 	.416 	.624
Thome	2002 	Indians 	147 	480 	101 	146 	19 	2 	52 	2 	118 	122 	18 	139 	0 	6 	5 	5 	.304 	.445 	.677
Thome	2003 	Phillies 	159 	578 	111 	154 	30 	3 	47 	0 	131 	111 	11 	182 	0 	5 	4 	5 	.266 	.385 	.573
Thome	2004 	Phillies 	143 	508 	97 	139 	28 	1 	42 	0 	105 	104 	26 	144 	0 	4 	2 	10 	.274 	.396 	.581
Thome	2005 	Phillies 	59 	193 	26 	40 	7 	0 	7 	0 	30 	45 	4 	59 	0 	2 	2 	5 	.207 	.360 	.352
ARod	1994 	Mariners 	17 	54 	4 	11 	0 	0 	0 	0 	2 	3 	0 	20 	1 	1 	0 	0 	.204 	.241 	.204
ARod	1995 	Mariners 	48 	142 	15 	33 	6 	2 	5 	0 	19 	6 	0 	42 	1 	0 	0 	0 	.232 	.264 	.408
ARod	1996 	Mariners 	146 	601 	141 	215 	54 	1 	36 	3 	123 	59 	1 	104 	6 	7 	4 	15 	.358 	.414 	.631
ARod	1997 	Mariners 	141 	587 	100 	176 	40 	3 	23 	0 	84 	41 	1 	99 	4 	1 	5 	14 	.300 	.350 	.496
ARod	1998 	Mariners 	161 	686 	123 	213 	35 	5 	42 	0 	124 	45 	0 	121 	3 	4 	10 	12 	.310 	.360 	.560
ARod	1999 	Mariners 	129 	502 	110 	143 	25 	0 	42 	3 	111 	56 	2 	109 	1 	8 	5 	12 	.285 	.357 	.586
ARod	2000 	Mariners 	148 	554 	134 	175 	34 	2 	41 	1 	132 	100 	5 	121 	0 	11 	7 	10 	.316 	.420 	.606
ARod	2001 	Rangers 	162 	632 	133 	201 	34 	1 	52 	1 	135 	75 	6 	131 	0 	9 	16 	17 	.318 	.399 	.622
ARod	2002 	Rangers 	162 	624 	125 	187 	27 	2 	57 	1 	142 	87 	12 	122 	0 	4 	10 	14 	.300 	.392 	.623
ARod	2003 	Rangers 	161 	607 	124 	181 	30 	6 	47 	1 	118 	87 	10 	126 	0 	6 	15 	16 	.298 	.396 	.600
ARod	2004 	Yankees 	155 	601 	112 	172 	24 	2 	36 	0 	106 	80 	6 	131 	0 	7 	10 	18 	.286 	.375 	.512
ARod	2005 	Yankees 	162 	605 	124 	194 	29 	1 	48 	1 	130 	91 	8 	139 	0 	3 	16 	8 	.321 	.421 	.610
BWms	1959 	Cubs 	18 	33 	0 	5 	0 	1 	0 	0 	2 	1 	0 	7 	0 	0 	0 	2 	.152 	.176 	.212
BWms	1960 	Cubs 	12 	47 	4 	13 	0 	2 	2 	0 	7 	5 	0 	12 	0 	0 	0 	1 	.277 	.346 	.489
BWms	1961 	Cubs 	146 	529 	75 	147 	20 	7 	25 	2 	86 	45 	11 	70 	1 	4 	5 	11 	.278 	.338 	.484
BWms	1962 	Cubs 	159 	618 	94 	184 	22 	8 	22 	0 	91 	70 	3 	72 	0 	7 	4 	11 	.298 	.369 	.466
BWms	1963 	Cubs 	161 	612 	87 	175 	36 	9 	25 	0 	95 	68 	9 	78 	2 	3 	2 	12 	.286 	.358 	.497
BWms	1964 	Cubs 	162 	645 	100 	201 	39 	2 	33 	1 	98 	59 	8 	84 	0 	3 	2 	11 	.312 	.370 	.532
BWms	1965 	Cubs 	164 	645 	115 	203 	39 	6 	34 	1 	108 	65 	7 	76 	1 	5 	3 	20 	.315 	.377 	.552
BWms	1966 	Cubs 	162 	648 	100 	179 	23 	5 	29 	0 	91 	69 	16 	61 	0 	6 	4 	12 	.276 	.347 	.461
BWms	1967 	Cubs 	162 	634 	92 	176 	21 	12 	28 	0 	84 	68 	8 	67 	2 	6 	2 	13 	.278 	.346 	.481
BWms	1968 	Cubs 	163 	642 	91 	185 	30 	8 	30 	1 	98 	48 	10 	53 	0 	7 	2 	13 	.288 	.336 	.500
BWms	1969 	Cubs 	163 	642 	103 	188 	33 	10 	21 	0 	95 	59 	15 	70 	0 	3 	4 	15 	.293 	.355 	.474
BWms	1970 	Cubs 	161 	636 	137 	205 	34 	4 	42 	1 	129 	72 	9 	65 	0 	4 	2 	13 	.322 	.391 	.586
BWms	1971 	Cubs 	157 	594 	86 	179 	27 	5 	28 	0 	93 	77 	18 	44 	0 	3 	3 	17 	.301 	.383 	.505
BWms	1972 	Cubs 	150 	574 	95 	191 	34 	6 	37 	1 	122 	62 	20 	59 	0 	8 	6 	14 	.333 	.398 	.606
BWms	1973 	Cubs 	156 	576 	72 	166 	22 	2 	20 	0 	86 	76 	14 	72 	0 	6 	1 	13 	.288 	.369 	.438
BWms	1974 	Cubs 	117 	404 	55 	113 	22 	0 	16 	1 	68 	67 	12 	44 	0 	2 	1 	9 	.280 	.382 	.453
BWms	1975 	Athletics 	155 	520 	68 	127 	20 	1 	23 	0 	81 	76 	7 	68 	1 	3 	2 	9 	.244 	.341 	.419
BWms	1976 	Athletics 	120 	351 	36 	74 	12 	0 	11 	0 	41 	58 	15 	44 	1 	3 	0 	4 	.211 	.320 	.339
DEvans	1969 	Braves 	12 	26 	3 	6 	0 	0 	0 	0 	1 	1 	0 	8 	0 	1 	0 	0 	.231 	.250 	.231
DEvans	1970 	Braves 	12 	44 	4 	14 	1 	1 	0 	0 	9 	7 	0 	5 	0 	0 	1 	2 	.318 	.423 	.386
DEvans	1971 	Braves 	89 	260 	42 	63 	11 	1 	12 	0 	38 	39 	4 	54 	0 	5 	1 	4 	.242 	.338 	.431
DEvans	1972 	Braves 	125 	418 	67 	106 	12 	0 	19 	1 	71 	90 	4 	58 	0 	9 	4 	6 	.254 	.384 	.419
DEvans	1973 	Braves 	161 	595 	114 	167 	25 	8 	41 	1 	104 	124 	8 	104 	3 	8 	3 	9 	.281 	.403 	.556
DEvans	1974 	Braves 	160 	571 	99 	137 	21 	3 	25 	1 	79 	126 	9 	88 	4 	3 	6 	11 	.240 	.381 	.419
DEvans	1975 	Braves 	156 	567 	82 	138 	22 	2 	22 	0 	73 	105 	5 	106 	2 	5 	2 	10 	.243 	.361 	.406
DEvans	1976 	Braves 	44 	139 	11 	24 	0 	0 	1 	0 	10 	30 	0 	33 	0 	0 	0 	3 	.173 	.320 	.194
DEvans	1976 	Giants 	92 	257 	42 	57 	9 	1 	10 	1 	36 	42 	4 	38 	1 	2 	0 	2 	.222 	.329 	.381
DEvans	1977 	Giants 	144 	461 	64 	117 	18 	3 	17 	0 	72 	69 	3 	50 	1 	5 	3 	8 	.254 	.351 	.416
DEvans	1978 	Giants 	159 	547 	82 	133 	24 	2 	20 	0 	78 	105 	12 	64 	6 	10 	0 	5 	.243 	.360 	.404
DEvans	1979 	Giants 	160 	562 	68 	142 	23 	2 	17 	0 	70 	91 	14 	80 	1 	5 	2 	6 	.253 	.356 	.391
DEvans	1980 	Giants 	154 	556 	69 	147 	23 	0 	20 	1 	78 	83 	6 	65 	6 	6 	2 	12 	.264 	.359 	.414
DEvans	1981 	Giants 	102 	357 	51 	92 	13 	4 	12 	0 	48 	54 	8 	33 	3 	3 	2 	4 	.258 	.356 	.417
DEvans	1982 	Giants 	141 	465 	64 	119 	20 	4 	16 	0 	61 	77 	7 	64 	3 	6 	2 	8 	.256 	.360 	.419
DEvans	1983 	Giants 	142 	523 	94 	145 	29 	3 	30 	0 	82 	84 	12 	81 	0 	2 	2 	8 	.277 	.378 	.516
DEvans	1984 	Tigers 	131 	401 	60 	93 	11 	1 	16 	0 	63 	77 	10 	70 	1 	4 	0 	7 	.232 	.353 	.384
DEvans	1985 	Tigers 	151 	505 	81 	125 	17 	0 	40 	2 	94 	85 	12 	85 	1 	2 	1 	5 	.248 	.356 	.519
DEvans	1986 	Tigers 	151 	507 	78 	122 	15 	0 	29 	2 	85 	91 	5 	105 	0 	2 	1 	6 	.241 	.356 	.442
DEvans	1987 	Tigers 	150 	499 	90 	128 	20 	0 	34 	1 	99 	100 	8 	84 	2 	6 	2 	2 	.257 	.379 	.501
DEvans	1988 	Tigers 	144 	437 	48 	91 	9 	0 	22 	0 	64 	84 	4 	89 	0 	0 	1 	14 	.208 	.337 	.380
DEvans	1989 	Braves 	107 	276 	31 	57 	6 	1 	11 	0 	39 	41 	6 	46 	0 	6 	0 	1 	.207 	.303 	.355
Snider	1947 	Dodgers 	40 	83 	6 	20 	3 	1 	0 	0 	5 	3 	NA 	24 	2 	NA 	1 	0 	.241 	.276 	.301
Snider	1948 	Dodgers 	53 	160 	22 	39 	6 	6 	5 	0 	21 	12 	NA 	27 	0 	NA 	0 	4 	.244 	.297 	.450
Snider	1949 	Dodgers 	146 	552 	100 	161 	28 	7 	23 	0 	92 	56 	NA 	92 	3 	NA 	4 	8 	.292 	.361 	.493
Snider	1950 	Dodgers 	152 	620 	109 	199 	31 	10 	31 	0 	107 	58 	NA 	79 	6 	NA 	0 	9 	.321 	.379 	.553
Snider	1951 	Dodgers 	150 	606 	96 	168 	26 	6 	29 	1 	101 	62 	NA 	97 	4 	NA 	0 	23 	.277 	.344 	.483
Snider	1952 	Dodgers 	144 	534 	80 	162 	25 	7 	21 	0 	92 	55 	NA 	77 	9 	NA 	0 	17 	.303 	.368 	.494
Snider	1953 	Dodgers 	153 	590 	132 	198 	38 	4 	42 	2 	126 	82 	NA 	90 	5 	NA 	3 	10 	.336 	.419 	.627
Snider	1954 	Dodgers 	149 	584 	120 	199 	39 	10 	40 	0 	130 	84 	NA 	96 	1 	6 	4 	12 	.341 	.423 	.647
Snider	1955 	Dodgers 	148 	538 	126 	166 	34 	6 	42 	1 	136 	104 	19 	87 	4 	6 	1 	9 	.309 	.418 	.628
Snider	1956 	Dodgers 	151 	542 	112 	158 	33 	2 	43 	1 	101 	99 	26 	101 	6 	4 	1 	16 	.292 	.399 	.598
Snider	1957 	Dodgers 	139 	508 	91 	139 	25 	7 	40 	0 	92 	77 	12 	104 	3 	3 	1 	17 	.274 	.368 	.587
Snider	1958 	Dodgers 	106 	327 	45 	102 	12 	3 	15 	0 	58 	32 	4 	49 	1 	4 	1 	11 	.312 	.371 	.505
Snider	1959 	Dodgers 	126 	370 	59 	114 	11 	2 	23 	0 	88 	58 	13 	71 	5 	2 	0 	8 	.308 	.400 	.535
Snider	1960 	Dodgers 	101 	235 	38 	57 	13 	5 	14 	0 	36 	46 	8 	54 	1 	2 	1 	7 	.243 	.366 	.519
Snider	1961 	Dodgers 	85 	233 	35 	69 	8 	3 	16 	0 	56 	29 	3 	43 	2 	1 	1 	6 	.296 	.375 	.562
Snider	1962 	Dodgers 	80 	158 	28 	44 	11 	3 	5 	0 	30 	36 	6 	32 	0 	0 	2 	5 	.278 	.418 	.481
Snider	1963 	Mets 	129 	354 	44 	86 	8 	3 	14 	0 	45 	56 	9 	74 	0 	4 	1 	2 	.243 	.345 	.401
Snider	1964 	Giants 	91 	167 	16 	35 	7 	0 	4 	0 	17 	22 	4 	40 	0 	0 	0 	2 	.210 	.302 	.323
BigCat	1985 	Expos 	24 	75 	9 	14 	1 	0 	2 	0 	4 	3 	0 	18 	0 	0 	1 	0 	.187 	.228 	.280
BigCat	1986 	Expos 	105 	321 	39 	87 	13 	0 	10 	0 	42 	30 	5 	79 	1 	1 	3 	8 	.271 	.338 	.405
BigCat	1987 	Expos 	147 	551 	72 	168 	40 	3 	13 	0 	90 	41 	13 	127 	0 	4 	10 	11 	.305 	.361 	.459
BigCat	1988 	Expos 	157 	609 	99 	184 	42 	8 	29 	0 	92 	39 	9 	153 	0 	3 	10 	12 	.302 	.352 	.540
BigCat	1989 	Expos 	152 	572 	76 	147 	30 	1 	23 	1 	85 	48 	10 	158 	0 	3 	13 	12 	.257 	.327 	.434
BigCat	1990 	Expos 	155 	579 	65 	148 	29 	0 	20 	1 	87 	40 	8 	169 	0 	5 	4 	14 	.256 	.306 	.409
BigCat	1991 	Expos 	107 	375 	34 	82 	13 	2 	9 	0 	33 	23 	5 	86 	0 	0 	2 	6 	.219 	.268 	.336
BigCat	1992 	Cardinals  95 	325 	38 	79 	14 	2 	10 	1 	39 	11 	0 	69 	0 	3 	8 	8 	.243 	.282 	.391
BigCat	1993 	Rockies 	120 	470 	71 	174 	35 	4 	22 	0 	98 	24 	12 	73 	0 	6 	6 	9 	.370 	.403 	.602
BigCat	1994 	Rockies 	103 	417 	77 	133 	21 	0 	31 	2 	85 	19 	8 	93 	0 	5 	8 	10 	.319 	.356 	.592
BigCat	1995 	Rockies 	143 	554 	89 	155 	29 	3 	31 	2 	106 	32 	6 	146 	0 	5 	13 	14 	.280 	.331 	.511
BigCat	1996 	Rockies 	159 	626 	119 	190 	39 	3 	47 	0 	150 	40 	3 	157 	0 	8 	17 	6 	.304 	.357 	.601
BigCat	1997 	Rockies 	154 	600 	120 	191 	31 	3 	41 	2 	140 	54 	2 	141 	0 	3 	17 	16 	.318 	.389 	.585
BigCat	1998 	Braves 	153 	555 	103 	169 	27 	1 	44 	0 	121 	63 	11 	146 	0 	5 	25 	8 	.305 	.397 	.595
BigCat	2000 	Braves 	141 	494 	67 	149 	25 	1 	28 	1 	100 	36 	5 	126 	0 	1 	17 	15 	.302 	.369 	.526
BigCat	2001 	Rangers 	72 	243 	33 	57 	16 	0 	10 	0 	34 	18 	1 	68 	0 	1 	9 	9 	.235 	.310 	.424
BigCat	2001 	Giants 	49 	156 	17 	45 	12 	1 	7 	0 	35 	13 	1 	49 	0 	2 	3 	3 	.288 	.351 	.513
BigCat	2002 	Expos 	104 	292 	30 	76 	12 	0 	9 	0 	40 	30 	6 	81 	0 	3 	9 	8 	.260 	.344 	.394
BigCat	2003 	Giants 	110 	272 	36 	82 	15 	0 	12 	0 	42 	19 	1 	61 	0 	0 	2 	9 	.301 	.352 	.489
BigCat	2004 	Angels 	7 	10 	1 	3 	0 	0 	1 	0 	2 	0 	0 	3 	0 	0 	1 	1 	.300 	.364 	.600
Kaline	1953 	Tigers 	30 	28 	9 	7 	0 	0 	1 	0 	2 	1 	NA 	5 	0 	NA 	1 	1 	.250 	.300 	.357
Kaline	1954 	Tigers 	138 	504 	42 	139 	18 	3 	4 	1 	43 	22 	NA 	45 	7 	2 	0 	21 	.276 	.305 	.347
Kaline	1955 	Tigers 	152 	588 	121 	200 	24 	8 	27 	0 	102 	82 	12 	57 	0 	6 	5 	13 	.340 	.421 	.546
Kaline	1956 	Tigers 	153 	617 	96 	194 	32 	10 	27 	0 	128 	70 	4 	55 	1 	4 	1 	10 	.314 	.383 	.530
Kaline	1957 	Tigers 	149 	577 	83 	170 	29 	4 	23 	0 	90 	43 	7 	38 	6 	7 	3 	10 	.295 	.343 	.478
Kaline	1958 	Tigers 	146 	543 	84 	170 	34 	7 	16 	0 	85 	54 	6 	47 	3 	5 	2 	18 	.313 	.374 	.490
Kaline	1959 	Tigers 	136 	511 	86 	167 	19 	2 	27 	0 	94 	72 	12 	42 	2 	6 	4 	11 	.327 	.410 	.530
Kaline	1960 	Tigers 	147 	551 	77 	153 	29 	4 	15 	1 	68 	65 	3 	47 	5 	5 	3 	18 	.278 	.354 	.426
Kaline	1961 	Tigers 	153 	586 	116 	190 	41 	7 	19 	0 	82 	66 	2 	42 	4 	5 	4 	16 	.324 	.393 	.515
Kaline	1962 	Tigers 	100 	398 	78 	121 	16 	6 	29 	1 	94 	47 	3 	39 	2 	4 	1 	17 	.304 	.376 	.593
Kaline	1963 	Tigers 	145 	551 	89 	172 	24 	3 	27 	0 	101 	54 	12 	48 	3 	4 	4 	12 	.312 	.375 	.514
Kaline	1964 	Tigers 	146 	525 	77 	154 	31 	5 	17 	0 	68 	75 	6 	51 	2 	3 	3 	12 	.293 	.383 	.469
Kaline	1965 	Tigers 	125 	399 	72 	112 	18 	2 	18 	0 	72 	72 	11 	49 	0 	3 	0 	9 	.281 	.388 	.471
Kaline	1966 	Tigers 	142 	479 	85 	138 	29 	1 	29 	0 	88 	81 	7 	66 	1 	6 	5 	7 	.288 	.392 	.534
Kaline	1967 	Tigers 	131 	458 	94 	141 	28 	2 	25 	0 	78 	83 	10 	47 	2 	6 	1 	16 	.308 	.411 	.541
Kaline	1968 	Tigers 	102 	327 	49 	94 	14 	1 	10 	0 	53 	55 	7 	39 	1 	3 	3 	4 	.287 	.392 	.428
Kaline	1969 	Tigers 	131 	456 	74 	124 	17 	0 	21 	0 	69 	54 	4 	61 	0 	7 	1 	11 	.272 	.346 	.447
Kaline	1970 	Tigers 	131 	467 	64 	130 	24 	4 	16 	0 	71 	77 	5 	49 	3 	7 	1 	20 	.278 	.377 	.450
Kaline	1971 	Tigers 	133 	405 	69 	119 	19 	2 	15 	0 	54 	82 	9 	57 	1 	6 	7 	12 	.294 	.416 	.462
Kaline	1972 	Tigers 	106 	278 	46 	87 	11 	2 	10 	0 	32 	28 	5 	33 	1 	5 	2 	11 	.313 	.374 	.475
Kaline	1973 	Tigers 	91 	310 	40 	79 	13 	0 	10 	1 	45 	29 	4 	28 	0 	5 	3 	10 	.255 	.320 	.394
Kaline	1974 	Tigers 	147 	558 	71 	146 	28 	2 	13 	0 	64 	65 	2 	75 	1 	5 	1 	12 	.262 	.337 	.389
Murphy	1976 	Braves 	19 	65 	3 	17 	6 	0 	0 	0 	9 	7 	0 	9 	0 	0 	0 	0 	.262 	.333 	.354
Murphy	1977 	Braves 	18 	76 	5 	24 	8 	1 	2 	0 	14 	0 	0 	8 	0 	0 	0 	3 	.316 	.316 	.526
Murphy	1978 	Braves 	151 	530 	66 	120 	14 	3 	23 	2 	79 	42 	3 	145 	3 	5 	3 	15 	.226 	.284 	.394
Murphy	1979 	Braves 	104 	384 	53 	106 	7 	2 	21 	0 	57 	38 	5 	67 	0 	5 	2 	12 	.276 	.340 	.469
Murphy	1980 	Braves 	156 	569 	98 	160 	27 	2 	33 	1 	89 	59 	9 	133 	2 	2 	1 	8 	.281 	.349 	.510
Murphy	1981 	Braves 	104 	369 	43 	91 	12 	1 	13 	0 	50 	44 	8 	72 	1 	2 	0 	10 	.247 	.325 	.390
Murphy	1982	Braves 	162 	598 	113 	168 	23 	2 	36 	0 	109 	93 	9 	134 	0 	4 	3 	10 	.281 	.378 	.507
Murphy	1983 	Braves 	162 	589 	131 	178 	24 	4 	36 	0 	121 	90 	12 	110 	0 	6 	2 	15 	.302 	.393 	.540
Murphy	1984 	Braves 	162 	607 	94 	176 	32 	8 	36 	0 	100 	79 	20 	134 	0 	3 	2 	13 	.290 	.372 	.547
Murphy	1985 	Braves 	162 	616 	118 	185 	32 	2 	37 	0 	111 	90 	15 	141 	0 	5 	1 	14 	.300 	.388 	.539
Murphy	1986 	Braves 	160 	614 	89 	163 	29 	7 	29 	0 	83 	75 	5 	141 	0 	1 	2 	10 	.265 	.347 	.477
Murphy	1987 	Braves 	159 	566 	115 	167 	27 	1 	44 	1 	105 	115 	29 	136 	0 	5 	7 	11 	.295 	.417 	.580
Murphy	1988 	Braves 	156 	592 	77 	134 	35 	4 	24 	0 	77 	74 	16 	125 	0 	3 	2 	24 	.226 	.313 	.421
Murphy	1989 	Braves 	154 	574 	60 	131 	16 	0 	20 	0 	84 	65 	10 	142 	0 	6 	2 	14 	.228 	.306 	.361
Murphy	1990 	Braves 	97 	349 	38 	81 	14 	0 	17 	0 	55 	41 	11 	84 	0 	3 	1 	11 	.232 	.312 	.418
Murphy	1990 	Phillies 	57 	214 	22 	57 	9 	1 	7 	0 	28 	20 	3 	46 	0 	1 	0 	11 	.266 	.328 	.416
Murphy	1991 	Phillies 	153 	544 	66 	137 	33 	1 	18 	1 	81 	48 	3 	93 	0 	7 	0 	20 	.252 	.309 	.415
Murphy	1992 	Phillies 	18 	62 	5 	10 	1 	0 	2 	0 	7 	1 	0 	13 	0 	0 	0 	3 	.161 	.175 	.274
Murphy	1993 	Rockies 	26 	42 	1 	6 	1 	0 	0 	0 	7 	5 	1 	15 	0 	2 	0 	5 	.143 	.224 	.167
Piazza	1992 	Dodgers 	21 	69 	5 	16 	3 	0 	1 	0 	7 	4 	0 	12 	0 	0 	1 	1 	.232 	.284 	.319
Piazza	1993 	Dodgers 	149 	547 	81 	174 	24 	2 	35 	0 	112 	46 	6 	86 	0 	6 	3 	10 	.318 	.370 	.561
Piazza	1994 	Dodgers 	107 	405 	64 	129 	18 	0 	24 	2 	92 	33 	10 	65 	0 	2 	1 	11 	.319 	.370 	.541
Piazza	1995 	Dodgers 	112 	434 	82 	150 	17 	0 	32 	2 	93 	39 	10 	80 	0 	1 	1 	10 	.346 	.400 	.606
Piazza	1996 	Dodgers 	148 	547 	87 	184 	16 	0 	36 	1 	105 	81 	21 	93 	0 	2 	1 	21 	.336 	.422 	.563
Piazza	1997 	Dodgers 	152 	556 	104 	201 	32 	1 	40 	0 	124 	69 	11 	77 	0 	5 	3 	19 	.362 	.431 	.638
Piazza	1998 	Dodgers 	37 	149 	20 	42 	5 	0 	9 	3 	30 	11 	4 	27 	0 	1 	0 	3 	.282 	.329 	.497
Piazza	1998 	Marlins 	5 	18 	1 	5 	0 	1 	0 	0 	5 	0 	0 	0 	0 	1 	0 	0 	.278 	.263 	.389
Piazza	1998 	Mets 	109 	394 	67 	137 	33 	0 	23 	1 	76 	47 	10 	53 	0 	3 	2 	12 	.348 	.417 	.607
Piazza	1999 	Mets 	141 	534 	100 	162 	25 	0 	40 	0 	124 	51 	11 	70 	0 	7 	1 	27 	.303 	.361 	.575
Piazza	2000 	Mets 	136 	482 	90 	156 	26 	0 	38 	3 	113 	58 	10 	69 	0 	2 	3 	15 	.324 	.398 	.614
Piazza	2001 	Mets 	141 	503 	81 	151 	29 	0 	36 	0 	94 	67 	19 	87 	0 	1 	2 	20 	.300 	.384 	.573
Piazza	2002 	Mets 	135 	478 	69 	134 	23 	2 	33 	2 	98 	57 	9 	82 	0 	3 	3 	26 	.280 	.359 	.544
Piazza	2003 	Mets 	68 	234 	37 	67 	13 	0 	11 	0 	34 	35 	3 	40 	0 	3 	1 	11 	.286 	.377 	.483
Piazza	2004 	Mets 	129 	455 	47 	121 	21 	0 	20 	0 	54 	68 	14 	78 	0 	3 	2 	14 	.266 	.362 	.444
Piazza	2005 	Mets 	113 	398 	41 	100 	23 	0 	19 	0 	62 	41 	6 	67 	0 	0 	3 	7 	.251 	.326 	.452
JCarter	1983 	Cubs 	23 	51 	6 	9 	1 	1 	0 	0 	1 	0 	0 	21 	1 	0 	0 	1 	.176 	.176 	.235
JCarter	1984 	Indians 	66 	244 	32 	67 	6 	1 	13 	1 	41 	11 	0 	48 	0 	1 	1 	2 	.275 	.307 	.467
JCarter	1985 	Indians 	143 	489 	64 	128 	27 	0 	15 	0 	59 	25 	2 	74 	3 	4 	2 	9 	.262 	.298 	.409
JCarter	1986 	Indians 	162 	663 	108 	200 	36 	9 	29 	2 	121 	32 	3 	95 	1 	8 	5 	8 	.302 	.335 	.514
JCarter	1987 	Indians 	149 	588 	83 	155 	27 	2 	32 	0 	106 	27 	6 	105 	1 	4 	9 	8 	.264 	.304 	.480
JCarter	1988 	Indians 	157 	621 	85 	168 	36 	6 	27 	1 	98 	35 	6 	82 	1 	6 	7 	6 	.271 	.314 	.478
JCarter	1989 	Indians 	162 	651 	84 	158 	32 	4 	35 	0 	105 	39 	8 	112 	2 	5 	8 	6 	.243 	.292 	.465
JCarter	1990 	Padres 	162 	634 	79 	147 	27 	1 	24 	2 	115 	48 	18 	93 	0 	8 	7 	12 	.232 	.290 	.391
JCarter	1991 	BlueJays 	162 	638 	89 	174 	42 	3 	33 	0 	108 	49 	12 	112 	0 	9 	10 	6 	.273 	.330 	.503
JCarter	1992 	BlueJays 	158 	622 	97 	164 	30 	7 	34 	0 	119 	36 	4 	109 	1 	13 	11 	14 	.264 	.309 	.498
JCarter	1993 	BlueJays 	155 	603 	92 	153 	33 	5 	33 	1 	121 	47 	5 	113 	0 	10 	9 	10 	.254 	.312 	.489
JCarter	1994 	BlueJays 	111 	435 	70 	118 	25 	2 	27 	0 	103 	33 	6 	64 	0 	13 	2 	6 	.271 	.317 	.524
JCarter	1995 	BlueJays 	139 	558 	70 	141 	23 	0 	25 	0 	76 	37 	5 	87 	0 	5 	3 	11 	.253 	.300 	.428
JCarter	1996 	BlueJays 	157 	625 	84 	158 	35 	7 	30 	1 	107 	44 	2 	106 	0 	6 	7 	12 	.253 	.306 	.475
JCarter	1997 	BlueJays 	157 	612 	76 	143 	30 	4 	21 	2 	102 	40 	5 	105 	0 	9 	7 	12 	.234 	.284 	.399
JCarter	1998 	Orioles 	85 	283 	36 	70 	15 	1 	11 	0 	34 	18 	4 	48 	0 	0 	2 	7 	.247 	.297 	.424
JCarter	1998 	Giants 	41 	105 	15 	31 	7 	0 	7 	0 	29 	6 	0 	13 	0 	4 	0 	2 	.295 	.322 	.562
Nettles	1967 	Twins 	3 	3 	0 	1 	1 	0 	0 	0 	0 	0 	0 	0 	0 	0 	0 	0 	.333 	.333 	.667
Nettles	1968 	Twins 	22 	76 	13 	17 	2 	1 	5 	0 	8 	7 	1 	20 	0 	0 	1 	2 	.224 	.298 	.474
Nettles	1969 	Twins 	96 	225 	27 	50 	9 	2 	7 	0 	26 	32 	1 	47 	1 	2 	1 	6 	.222 	.319 	.373
Nettles	1970 	Indians 	157 	549 	81 	129 	13 	1 	26 	0 	62 	81 	3 	77 	0 	0 	3 	12 	.235 	.336 	.404
Nettles	1971 	Indians 	158 	598 	78 	156 	18 	1 	28 	0 	86 	82 	6 	56 	1 	6 	3 	15 	.261 	.350 	.435
Nettles	1972 	Indians 	150 	557 	65 	141 	28 	0 	17 	0 	70 	57 	5 	50 	2 	3 	4 	9 	.253 	.325 	.395
Nettles	1973 	Yankees 	160 	552 	65 	129 	18 	0 	22 	0 	81 	78 	3 	76 	0 	4 	7 	15 	.234 	.334 	.386
Nettles	1974 	Yankees 	155 	566 	74 	139 	21 	1 	22 	1 	75 	59 	8 	75 	1 	9 	3 	9 	.246 	.316 	.403
Nettles	1975 	Yankees 	157 	581 	71 	155 	24 	4 	21 	0 	91 	51 	3 	88 	2 	11 	2 	8 	.267 	.322 	.430
Nettles	1976 	Yankees 	158 	583 	88 	148 	29 	2 	32 	1 	93 	62 	6 	94 	2 	5 	4 	8 	.254 	.327 	.475
Nettles	1977 	Yankees 	158 	589 	99 	150 	23 	4 	37 	0 	107 	68 	8 	79 	0 	4 	3 	8 	.255 	.333 	.496
Nettles	1978 	Yankees 	159 	587 	81 	162 	23 	2 	27 	0 	93 	59 	6 	69 	1 	9 	6 	20 	.276 	.343 	.460
Nettles	1979 	Yankees 	145 	521 	71 	132 	15 	1 	20 	0 	73 	59 	6 	53 	0 	8 	0 	14 	.253 	.325 	.401
Nettles	1980 	Yankees 	89 	324 	52 	79 	14 	0 	16 	0 	45 	42 	5 	42 	0 	2 	1 	8 	.244 	.331 	.435
Nettles	1981 	Yankees 	103 	349 	46 	85 	7 	1 	15 	0 	46 	47 	4 	49 	2 	3 	1 	5 	.244 	.333 	.398
Nettles	1982 	Yankees 	122 	405 	47 	94 	11 	2 	18 	1 	55 	51 	4 	49 	0 	4 	1 	11 	.232 	.317 	.402
Nettles	1983 	Yankees 	129 	462 	56 	123 	17 	3 	20 	0 	75 	51 	2 	65 	0 	3 	3 	9 	.266 	.341 	.446
Nettles	1984 	Padres 	124 	395 	56 	90 	11 	1 	20 	0 	65 	58 	4 	55 	0 	7 	5 	12 	.228 	.329 	.413
Nettles	1985 	Padres 	137 	440 	66 	115 	23 	1 	15 	0 	61 	72 	5 	59 	0 	3 	0 	10 	.261 	.363 	.420
Nettles	1986 	Padres 	126 	354 	36 	77 	9 	0 	16 	0 	55 	41 	8 	62 	0 	3 	2 	6 	.218 	.300 	.379
Nettles	1987 	Braves 	112 	177 	16 	37 	8 	1 	5 	1 	33 	22 	4 	25 	0 	2 	0 	6 	.209 	.294 	.350
Nettles	1988 	Expos 	80 	93 	5 	16 	4 	0 	1 	0 	14 	9 	2 	19 	0 	2 	0 	4 	.172 	.240 	.247
Bench	1967 	Reds 	26 	86 	7 	14 	3 	1 	1 	0 	6 	5 	0 	19 	1 	1 	0 	4 	.163 	.207 	.256
Bench	1968 	Reds 	154 	564 	67 	155 	40 	2 	15 	0 	82 	31 	8 	96 	2 	8 	2 	14 	.275 	.311 	.433
Bench	1969 	Reds 	148 	532 	83 	156 	23 	1 	26 	1 	90 	49 	7 	86 	0 	7 	4 	7 	.293 	.353 	.487
Bench	1970 	Reds 	158 	605 	97 	177 	35 	4 	45 	0 	148 	54 	9 	102 	1 	11 	0 	12 	.293 	.345 	.587
Bench	1971 	Reds 	149 	562 	80 	134 	19 	2 	27 	0 	61 	49 	7 	83 	0 	2 	0 	20 	.238 	.299 	.423
Bench	1972 	Reds 	147 	538 	87 	145 	22 	2 	40 	1 	125 	100 	23 	84 	0 	12 	2 	18 	.270 	.379 	.541
Bench	1973 	Reds 	152 	557 	83 	141 	17 	3 	25 	0 	104 	83 	14 	83 	1 	10 	0 	22 	.253 	.345 	.429
Bench	1974 	Reds 	160 	621 	108 	174 	38 	2 	33 	2 	129 	80 	15 	90 	0 	4 	3 	13 	.280 	.363 	.507
Bench	1975 	Reds 	142 	530 	83 	150 	39 	1 	28 	2 	110 	65 	12 	108 	0 	8 	2 	12 	.283 	.359 	.519
Bench	1976 	Reds 	135 	465 	62 	109 	24 	1 	16 	0 	74 	81 	6 	95 	0 	4 	2 	9 	.234 	.348 	.394
Bench	1977 	Reds 	142 	494 	67 	136 	34 	2 	31 	2 	109 	58 	8 	95 	0 	7 	1 	10 	.275 	.348 	.540
Bench	1978 	Reds 	120 	393 	52 	102 	17 	1 	23 	1 	73 	50 	10 	83 	1 	6 	1 	9 	.260 	.340 	.483
Bench	1979 	Reds 	130 	464 	73 	128 	19 	0 	22 	0 	80 	67 	8 	73 	3 	4 	0 	11 	.276 	.364 	.459
Bench	1980 	Reds 	114 	360 	52 	90 	12 	0 	24 	2 	68 	41 	2 	64 	0 	4 	2 	9 	.250 	.327 	.483
Bench	1981 	Reds 	52 	178 	14 	55 	8 	0 	8 	0 	25 	17 	3 	21 	1 	0 	0 	4 	.309 	.369 	.489
Bench	1982 	Reds 	119 	399 	44 	103 	16 	0 	13 	0 	38 	37 	2 	58 	1 	2 	0 	14 	.258 	.320 	.396
Bench	1983 	Reds 	110 	310 	32 	79 	15 	2 	12 	0 	54 	24 	1 	38 	0 	0 	0 	13 	.255 	.308 	.432
DwEvans	1972 	RedSox 	18 	57 	2 	15 	3 	1 	1 	0 	6 	7 	0 	13 	0 	0 	0 	2 	.263 	.344 	.404
DwEvans	1973 	RedSox 	119 	282 	46 	63 	13 	1 	10 	0 	32 	40 	2 	52 	3 	2 	1 	8 	.223 	.320 	.383
DwEvans	1974 	RedSox 	133 	463 	60 	130 	19 	8 	10 	0 	70 	38 	2 	77 	6 	5 	2 	9 	.281 	.335 	.421
DwEvans	1975 	RedSox 	128 	412 	61 	113 	24 	6 	13 	1 	56 	47 	3 	60 	5 	2 	4 	10 	.274 	.353 	.456
DwEvans	1976 	RedSox 	146 	501 	61 	121 	34 	5 	17 	0 	62 	57 	4 	92 	3 	4 	6 	11 	.242 	.324 	.431
DwEvans	1977 	RedSox 	73 	230 	39 	66 	9 	2 	14 	0 	36 	28 	0 	58 	6 	1 	0 	3 	.287 	.363 	.526
DwEvans	1978 	RedSox 	147 	497 	75 	123 	24 	2 	24 	0 	63 	65 	2 	119 	6 	2 	2 	15 	.247 	.336 	.449
DwEvans	1979 	RedSox 	152 	489 	69 	134 	24 	1 	21 	0 	58 	69 	7 	76 	3 	1 	1 	14 	.274 	.364 	.456
DwEvans	1980 	RedSox 	148 	463 	72 	123 	37 	5 	18 	0 	60 	64 	6 	98 	6 	4 	5 	5 	.266 	.358 	.484
DwEvans	1981 	RedSox 	108 	412 	84 	122 	19 	4 	22 	0 	71 	85 	1 	85 	3 	3 	1 	8 	.296 	.415 	.522
DwEvans	1982 	RedSox 	162 	609 	122 	178 	37 	7 	32 	0 	98 	112 	1 	125 	3 	2 	1 	17 	.292 	.402 	.534
DwEvans	1983 	RedSox 	126 	470 	74 	112 	19 	4 	22 	0 	58 	70 	5 	97 	0 	2 	2 	12 	.238 	.338 	.436
DwEvans	1984 	RedSox 	162 	630 	121 	186 	37 	8 	32 	1 	104 	96 	2 	115 	1 	7 	4 	19 	.295 	.388 	.532
DwEvans	1985 	RedSox 	159 	617 	110 	162 	29 	1 	29 	0 	78 	114 	4 	105 	1 	7 	5 	16 	.263 	.378 	.454
DwEvans	1986 	RedSox 	152 	529 	86 	137 	33 	2 	26 	0 	97 	97 	4 	117 	2 	6 	6 	11 	.259 	.376 	.476
DwEvans	1987 	RedSox 	154 	541 	109 	165 	37 	2 	34 	1 	123 	106 	6 	98 	0 	7 	3 	10 	.305 	.417 	.569
DwEvans	1988 	RedSox 	149 	559 	96 	164 	31 	7 	21 	0 	111 	76 	3 	99 	2 	7 	1 	16 	.293 	.375 	.487
DwEvans	1989 	RedSox 	146 	520 	82 	148 	27 	3 	20 	2 	100 	99 	1 	84 	1 	7 	3 	16 	.285 	.397 	.463
DwEvans	1990 	RedSox 	123 	445 	66 	111 	18 	3 	13 	0 	63 	67 	5 	73 	0 	6 	4 	18 	.249 	.349 	.391
DwEvans	1991 	Orioles 	101 	270 	35 	73 	9 	1 	6 	1 	38 	54 	2 	54 	1 	2 	2 	7 	.270 	.393 	.378
Baines	1980 	CWS 	141 	491 	55 	125 	23 	6 	13 	0 	49 	19 	7 	65 	2 	5 	1 	15 	.255 	.281 	.405
Baines	1981 	CWS 	82 	280 	42 	80 	11 	7 	10 	0 	41 	12 	4 	41 	0 	2 	2 	6 	.286 	.318 	.482
Baines	1982 	CWS 	161 	608 	89 	165 	29 	8 	25 	2 	105 	49 	10 	95 	2 	9 	0 	12 	.271 	.321 	.469
Baines	1983 	CWS 	156 	596 	76 	167 	33 	2 	20 	1 	99 	49 	13 	85 	3 	6 	1 	15 	.280 	.333 	.443
Baines	1984 	CWS 	147 	569 	72 	173 	28 	10 	29 	1 	94 	54 	9 	75 	1 	5 	0 	12 	.304 	.361 	.541
Baines	1985 	CWS 	160 	640 	86 	198 	29 	3 	22 	1 	113 	42 	8 	89 	0 	10 	1 	23 	.309 	.348 	.467
Baines	1986 	CWS 	145 	570 	72 	169 	29 	2 	21 	0 	88 	38 	9 	89 	0 	8 	2 	14 	.296 	.338 	.465
Baines	1987 	CWS 	132 	505 	59 	148 	26 	4 	20 	0 	93 	46 	2 	82 	0 	2 	1 	12 	.293 	.352 	.479
Baines	1988 	CWS 	158 	599 	55 	166 	39 	1 	13 	0 	81 	67 	14 	109 	0 	7 	1 	21 	.277 	.347 	.411
Baines	1989 	CWS 	96 	333 	55 	107 	20 	1 	13 	0 	56 	60 	13 	52 	0 	3 	1 	11 	.321 	.423 	.505
Baines	1989 	Rangers 	50 	172 	18 	49 	9 	0 	3 	0 	16 	13 	0 	27 	0 	1 	0 	4 	.285 	.333 	.390
Baines	1990 	Rangers 	103 	321 	41 	93 	10 	1 	13 	0 	44 	47 	9 	63 	0 	3 	0 	13 	.290 	.377 	.449
Baines	1990 	Athletics 	32 	94 	11 	25 	5 	0 	3 	0 	21 	20 	1 	17 	0 	4 	0 	4 	.266 	.381 	.415
Baines	1991 	Athletics 	141 	488 	76 	144 	25 	1 	20 	2 	90 	72 	22 	67 	0 	5 	1 	12 	.295 	.383 	.473
Baines	1992 	Athletics 	140 	478 	58 	121 	18 	0 	16 	0 	76 	59 	6 	61 	0 	6 	0 	11 	.253 	.331 	.391
Baines	1993 	Orioles 	118 	416 	64 	130 	22 	0 	20 	1 	78 	57 	9 	52 	1 	6 	0 	14 	.313 	.390 	.510
Baines	1994 	Orioles 	94 	326 	44 	96 	12 	1 	16 	0 	54 	30 	6 	49 	0 	0 	1 	9 	.294 	.356 	.485
Baines	1995 	Orioles 	127 	385 	60 	115 	19 	1 	24 	2 	63 	70 	13 	45 	0 	4 	0 	17 	.299 	.403 	.540
Baines	1996 	CWS 	143 	495 	80 	154 	29 	0 	22 	2 	95 	73 	7 	62 	0 	3 	1 	20 	.311 	.399 	.503
Baines	1997 	CWS 	93 	318 	40 	97 	18 	0 	12 	0 	52 	41 	10 	47 	0 	2 	0 	9 	.305 	.382 	.475
Baines	1997 	Orioles 	44 	134 	15 	39 	5 	0 	4 	0 	15 	14 	1 	15 	0 	1 	0 	3 	.291 	.356 	.418
Baines	1998 	Orioles 	104 	293 	40 	88 	17 	0 	9 	0 	57 	32 	4 	40 	0 	2 	1 	17 	.300 	.369 	.451
Baines	1999 	Orioles 	107 	345 	57 	111 	16 	1 	24 	1 	81 	43 	3 	38 	0 	2 	0 	14 	.322 	.395 	.583
Baines	1999 	Indians 	28 	85 	5 	23 	2 	0 	1 	0 	22 	11 	0 	10 	0 	0 	0 	2 	.271 	.354 	.329
Baines	2000 	Orioles 	72 	222 	24 	59 	8 	0 	10 	0 	30 	29 	6 	39 	0 	1 	0 	6 	.266 	.349 	.437
Baines	2000 	CWS 	24 	61 	2 	13 	5 	0 	1 	0 	9 	7 	1 	11 	0 	0 	0 	0 	.213 	.294 	.344
Baines	2001 	CWS 	32 	84 	3 	11 	1 	0 	0 	0 	6 	8 	0 	16 	0 	2 	0 	2 	.131 	.202 	.143
LWalker	1989 	Expos 	20 	47 	4 	8 	0 	0 	0 	0 	4 	5 	0 	13 	3 	0 	1 	0 	.170 	.264 	.170
LWalker	1990 	Expos 	133 	419 	59 	101 	18 	3 	19 	0 	51 	49 	5 	112 	3 	2 	5 	8 	.241 	.326 	.434
LWalker	1991 	Expos 	137 	487 	59 	141 	30 	2 	16 	0 	64 	42 	2 	102 	1 	4 	5 	7 	.290 	.349 	.458
LWalker	1992 	Expos 	143 	528 	85 	159 	31 	4 	23 	0 	93 	41 	10 	97 	0 	8 	6 	9 	.301 	.353 	.506
LWalker	1993 	Expos 	138 	490 	85 	130 	24 	5 	22 	1 	86 	80 	20 	76 	0 	6 	6 	8 	.265 	.371 	.469
LWalker	1994 	Expos 	103 	395 	76 	127 	44 	2 	19 	0 	86 	47 	5 	74 	0 	6 	4 	8 	.322 	.394 	.587
LWalker	1995 	Rockies 	131 	494 	96 	151 	31 	5 	36 	0 	101 	49 	13 	72 	0 	5 	14 	13 	.306 	.381 	.607
LWalker	1996 	Rockies 	83 	272 	58 	75 	18 	4 	18 	0 	58 	20 	2 	58 	0 	3 	9 	7 	.276 	.342 	.570
LWalker	1997 	Rockies 	153 	568 	143 	208 	46 	4 	49 	0 	130 	78 	14 	90 	0 	4 	14 	15 	.366 	.452 	.720
LWalker	1998 	Rockies 	130 	454 	113 	165 	46 	3 	23 	2 	67 	64 	2 	61 	0 	2 	4 	11 	.363 	.445 	.630
LWalker	1999 	Rockies 	127 	438 	108 	166 	26 	4 	37 	0 	115 	57 	8 	52 	0 	6 	12 	12 	.379 	.458 	.710
LWalker	2000 	Rockies 	87 	314 	64 	97 	21 	7 	9 	1 	51 	46 	4 	40 	0 	3 	9 	12 	.309 	.409 	.506
LWalker	2001 	Rockies 	142 	497 	107 	174 	35 	3 	38 	0 	123 	82 	6 	103 	0 	8 	14 	9 	.350 	.449 	.662
LWalker	2002 	Rockies 	136 	477 	95 	161 	40 	4 	26 	0 	104 	65 	6 	73 	0 	4 	7 	8 	.338 	.421 	.602
LWalker	2003 	Rockies 	143 	454 	86 	129 	25 	7 	16 	1 	79 	98 	14 	87 	0 	1 	11 	9 	.284 	.422 	.476
LWalker	2004 	Rockies 	38 	108 	22 	35 	9 	3 	6 	0 	20 	25 	2 	23 	0 	1 	4 	2 	.324 	.464 	.630
LWalker	2004 	Cardinals 44 	150 	29 	42 	7 	1 	11 	2 	27 	24 	1 	34 	0 	0 	4 	6 	.280 	.393 	.560
LWalker	2005 	Cardinals 100 	315 	66 	91 	20 	1 	15 	0 	52 	41 	3 	64 	0 	2 	9 	9 	.289 	.384 	.502
